epoch,train_loss
1.0,0.8947
2.0,0.8435
3.0,0.8323
4.0,0.704
5.0,0.7206
