epoch,global_step,layer,metric_type,value
1.0,3274,base_model.model.roberta.embeddings.word_embeddings.weight,base,2.8762521464546524
1.0,3274,base_model.model.roberta.embeddings.position_embeddings.weight,base,1.794806501817938
1.0,3274,base_model.model.roberta.embeddings.token_type_embeddings.weight,base,0.0
1.0,3274,base_model.model.roberta.encoder.layer.0.attention.self.query.weight,base,65.16850243294316
1.0,3274,base_model.model.roberta.encoder.layer.0.attention.self.query.weight,delta,2.1884712167558633
1.0,3274,base_model.model.roberta.encoder.layer.0.attention.self.query.weight,effective,65.17442928869684
1.0,3274,base_model.model.roberta.encoder.layer.0.attention.self.key.weight,base,130.91481538106177
1.0,3274,base_model.model.roberta.encoder.layer.0.attention.self.key.weight,delta,2.7072944488328945
1.0,3274,base_model.model.roberta.encoder.layer.0.attention.self.key.weight,effective,130.88281219638947
1.0,3274,base_model.model.roberta.encoder.layer.0.attention.self.value.weight,base,88.31941014198881
1.0,3274,base_model.model.roberta.encoder.layer.0.attention.self.value.weight,delta,1.0687405284607336
1.0,3274,base_model.model.roberta.encoder.layer.0.attention.self.value.weight,effective,88.31908211125844
1.0,3274,base_model.model.roberta.encoder.layer.0.attention.output.dense.weight,base,5.915947919238045
1.0,3274,base_model.model.roberta.encoder.layer.0.attention.output.dense.weight,delta,1.0808124082861625
1.0,3274,base_model.model.roberta.encoder.layer.0.attention.output.dense.weight,effective,5.916260749687051
1.0,3274,base_model.model.roberta.encoder.layer.0.intermediate.dense.weight,base,7.211772906074545
1.0,3274,base_model.model.roberta.encoder.layer.0.intermediate.dense.weight,delta,1.0185295204750227
1.0,3274,base_model.model.roberta.encoder.layer.0.intermediate.dense.weight,effective,7.21556692295056
1.0,3274,base_model.model.roberta.encoder.layer.0.output.dense.weight,base,45.444507184256565
1.0,3274,base_model.model.roberta.encoder.layer.0.output.dense.weight,delta,1.196936647953522
1.0,3274,base_model.model.roberta.encoder.layer.0.output.dense.weight,effective,45.447759356443676
1.0,3274,base_model.model.roberta.encoder.layer.1.attention.self.query.weight,base,49.83982559284896
1.0,3274,base_model.model.roberta.encoder.layer.1.attention.self.query.weight,delta,1.1624631430596644
1.0,3274,base_model.model.roberta.encoder.layer.1.attention.self.query.weight,effective,49.83311495375315
1.0,3274,base_model.model.roberta.encoder.layer.1.attention.self.key.weight,base,36.683594715722144
1.0,3274,base_model.model.roberta.encoder.layer.1.attention.self.key.weight,delta,1.6896388445006978
1.0,3274,base_model.model.roberta.encoder.layer.1.attention.self.key.weight,effective,36.69392970151407
1.0,3274,base_model.model.roberta.encoder.layer.1.attention.self.value.weight,base,100.83349896198295
1.0,3274,base_model.model.roberta.encoder.layer.1.attention.self.value.weight,delta,1.049347773562385
1.0,3274,base_model.model.roberta.encoder.layer.1.attention.self.value.weight,effective,100.83493572561818
1.0,3274,base_model.model.roberta.encoder.layer.1.attention.output.dense.weight,base,14.804032969892802
1.0,3274,base_model.model.roberta.encoder.layer.1.attention.output.dense.weight,delta,1.1161205810560313
1.0,3274,base_model.model.roberta.encoder.layer.1.attention.output.dense.weight,effective,14.804752853227196
1.0,3274,base_model.model.roberta.encoder.layer.1.intermediate.dense.weight,base,10.80473028402092
1.0,3274,base_model.model.roberta.encoder.layer.1.intermediate.dense.weight,delta,1.0094528382241008
1.0,3274,base_model.model.roberta.encoder.layer.1.intermediate.dense.weight,effective,10.804524741786626
1.0,3274,base_model.model.roberta.encoder.layer.1.output.dense.weight,base,29.953815799001653
1.0,3274,base_model.model.roberta.encoder.layer.1.output.dense.weight,delta,1.2201297402822815
1.0,3274,base_model.model.roberta.encoder.layer.1.output.dense.weight,effective,29.95454607156402
1.0,3274,base_model.model.roberta.encoder.layer.2.attention.self.query.weight,base,49.94102365282341
1.0,3274,base_model.model.roberta.encoder.layer.2.attention.self.query.weight,delta,1.1111661052950843
1.0,3274,base_model.model.roberta.encoder.layer.2.attention.self.query.weight,effective,49.90361122031831
1.0,3274,base_model.model.roberta.encoder.layer.2.attention.self.key.weight,base,56.246165221169115
1.0,3274,base_model.model.roberta.encoder.layer.2.attention.self.key.weight,delta,1.4986159369815137
1.0,3274,base_model.model.roberta.encoder.layer.2.attention.self.key.weight,effective,56.20641846312015
1.0,3274,base_model.model.roberta.encoder.layer.2.attention.self.value.weight,base,53.35955946695758
1.0,3274,base_model.model.roberta.encoder.layer.2.attention.self.value.weight,delta,1.0164182281454046
1.0,3274,base_model.model.roberta.encoder.layer.2.attention.self.value.weight,effective,53.362839004892365
1.0,3274,base_model.model.roberta.encoder.layer.2.attention.output.dense.weight,base,14.211729843144505
1.0,3274,base_model.model.roberta.encoder.layer.2.attention.output.dense.weight,delta,1.2920228123533068
1.0,3274,base_model.model.roberta.encoder.layer.2.attention.output.dense.weight,effective,14.214364890823473
1.0,3274,base_model.model.roberta.encoder.layer.2.intermediate.dense.weight,base,14.171262905121031
1.0,3274,base_model.model.roberta.encoder.layer.2.intermediate.dense.weight,delta,1.0316674034197346
1.0,3274,base_model.model.roberta.encoder.layer.2.intermediate.dense.weight,effective,14.174862613871886
1.0,3274,base_model.model.roberta.encoder.layer.2.output.dense.weight,base,27.617960006342027
1.0,3274,base_model.model.roberta.encoder.layer.2.output.dense.weight,delta,1.3708257330350644
1.0,3274,base_model.model.roberta.encoder.layer.2.output.dense.weight,effective,27.618127015087104
1.0,3274,base_model.model.roberta.encoder.layer.3.attention.self.query.weight,base,40.38710324398324
1.0,3274,base_model.model.roberta.encoder.layer.3.attention.self.query.weight,delta,1.1735002287427536
1.0,3274,base_model.model.roberta.encoder.layer.3.attention.self.query.weight,effective,40.38660406239578
1.0,3274,base_model.model.roberta.encoder.layer.3.attention.self.key.weight,base,52.78959322892153
1.0,3274,base_model.model.roberta.encoder.layer.3.attention.self.key.weight,delta,1.7968450626631065
1.0,3274,base_model.model.roberta.encoder.layer.3.attention.self.key.weight,effective,52.79016993368096
1.0,3274,base_model.model.roberta.encoder.layer.3.attention.self.value.weight,base,85.08426624756609
1.0,3274,base_model.model.roberta.encoder.layer.3.attention.self.value.weight,delta,1.402330093362348
1.0,3274,base_model.model.roberta.encoder.layer.3.attention.self.value.weight,effective,85.09235607212302
1.0,3274,base_model.model.roberta.encoder.layer.3.attention.output.dense.weight,base,21.91678510152632
1.0,3274,base_model.model.roberta.encoder.layer.3.attention.output.dense.weight,delta,1.0601053235981537
1.0,3274,base_model.model.roberta.encoder.layer.3.attention.output.dense.weight,effective,21.90974915265493
1.0,3274,base_model.model.roberta.encoder.layer.3.intermediate.dense.weight,base,20.110905845538312
1.0,3274,base_model.model.roberta.encoder.layer.3.intermediate.dense.weight,delta,1.0129306536353575
1.0,3274,base_model.model.roberta.encoder.layer.3.intermediate.dense.weight,effective,20.118378569068938
1.0,3274,base_model.model.roberta.encoder.layer.3.output.dense.weight,base,25.971211357979648
1.0,3274,base_model.model.roberta.encoder.layer.3.output.dense.weight,delta,1.1881922067405848
1.0,3274,base_model.model.roberta.encoder.layer.3.output.dense.weight,effective,25.970045807154023
1.0,3274,base_model.model.roberta.encoder.layer.4.attention.self.query.weight,base,16.316341559015992
1.0,3274,base_model.model.roberta.encoder.layer.4.attention.self.query.weight,delta,1.3114363031141028
1.0,3274,base_model.model.roberta.encoder.layer.4.attention.self.query.weight,effective,16.318140642221508
1.0,3274,base_model.model.roberta.encoder.layer.4.attention.self.key.weight,base,61.19224054984023
1.0,3274,base_model.model.roberta.encoder.layer.4.attention.self.key.weight,delta,1.1057624479814447
1.0,3274,base_model.model.roberta.encoder.layer.4.attention.self.key.weight,effective,61.246210679629506
1.0,3274,base_model.model.roberta.encoder.layer.4.attention.self.value.weight,base,105.4275948284823
1.0,3274,base_model.model.roberta.encoder.layer.4.attention.self.value.weight,delta,1.0553556579357697
1.0,3274,base_model.model.roberta.encoder.layer.4.attention.self.value.weight,effective,105.40122916822403
1.0,3274,base_model.model.roberta.encoder.layer.4.attention.output.dense.weight,base,20.803518310365877
1.0,3274,base_model.model.roberta.encoder.layer.4.attention.output.dense.weight,delta,1.2360334315388992
1.0,3274,base_model.model.roberta.encoder.layer.4.attention.output.dense.weight,effective,20.804482045699807
1.0,3274,base_model.model.roberta.encoder.layer.4.intermediate.dense.weight,base,20.02480060993551
1.0,3274,base_model.model.roberta.encoder.layer.4.intermediate.dense.weight,delta,1.0204284325518356
1.0,3274,base_model.model.roberta.encoder.layer.4.intermediate.dense.weight,effective,20.031796464735162
1.0,3274,base_model.model.roberta.encoder.layer.4.output.dense.weight,base,29.728196317360545
1.0,3274,base_model.model.roberta.encoder.layer.4.output.dense.weight,delta,1.0151085801200854
1.0,3274,base_model.model.roberta.encoder.layer.4.output.dense.weight,effective,29.727910371440384
1.0,3274,base_model.model.roberta.encoder.layer.5.attention.self.query.weight,base,11.762495176171988
1.0,3274,base_model.model.roberta.encoder.layer.5.attention.self.query.weight,delta,1.0504712460934122
1.0,3274,base_model.model.roberta.encoder.layer.5.attention.self.query.weight,effective,11.758356772083197
1.0,3274,base_model.model.roberta.encoder.layer.5.attention.self.key.weight,base,61.699005373669515
1.0,3274,base_model.model.roberta.encoder.layer.5.attention.self.key.weight,delta,1.1041435382067049
1.0,3274,base_model.model.roberta.encoder.layer.5.attention.self.key.weight,effective,61.75812539937028
1.0,3274,base_model.model.roberta.encoder.layer.5.attention.self.value.weight,base,99.56625816874656
1.0,3274,base_model.model.roberta.encoder.layer.5.attention.self.value.weight,delta,1.0172842134335462
1.0,3274,base_model.model.roberta.encoder.layer.5.attention.self.value.weight,effective,99.56604075089118
1.0,3274,base_model.model.roberta.encoder.layer.5.attention.output.dense.weight,base,26.298959057905314
1.0,3274,base_model.model.roberta.encoder.layer.5.attention.output.dense.weight,delta,1.3067886033367258
1.0,3274,base_model.model.roberta.encoder.layer.5.attention.output.dense.weight,effective,26.30091863840305
1.0,3274,base_model.model.roberta.encoder.layer.5.intermediate.dense.weight,base,20.785218764453894
1.0,3274,base_model.model.roberta.encoder.layer.5.intermediate.dense.weight,delta,1.0087837345602129
1.0,3274,base_model.model.roberta.encoder.layer.5.intermediate.dense.weight,effective,20.799824577505888
1.0,3274,base_model.model.roberta.encoder.layer.5.output.dense.weight,base,35.247083242875256
1.0,3274,base_model.model.roberta.encoder.layer.5.output.dense.weight,delta,1.048875225756966
1.0,3274,base_model.model.roberta.encoder.layer.5.output.dense.weight,effective,35.250272873204494
1.0,3274,base_model.model.roberta.encoder.layer.6.attention.self.query.weight,base,14.075301678596741
1.0,3274,base_model.model.roberta.encoder.layer.6.attention.self.query.weight,delta,1.2371232066720412
1.0,3274,base_model.model.roberta.encoder.layer.6.attention.self.query.weight,effective,14.074303614116223
1.0,3274,base_model.model.roberta.encoder.layer.6.attention.self.key.weight,base,66.43951114473974
1.0,3274,base_model.model.roberta.encoder.layer.6.attention.self.key.weight,delta,1.2141768634505286
1.0,3274,base_model.model.roberta.encoder.layer.6.attention.self.key.weight,effective,66.47645131450824
1.0,3274,base_model.model.roberta.encoder.layer.6.attention.self.value.weight,base,90.24191649634543
1.0,3274,base_model.model.roberta.encoder.layer.6.attention.self.value.weight,delta,1.0196063149053003
1.0,3274,base_model.model.roberta.encoder.layer.6.attention.self.value.weight,effective,90.24061756924748
1.0,3274,base_model.model.roberta.encoder.layer.6.attention.output.dense.weight,base,29.94873534068194
1.0,3274,base_model.model.roberta.encoder.layer.6.attention.output.dense.weight,delta,1.2158284013870488
1.0,3274,base_model.model.roberta.encoder.layer.6.attention.output.dense.weight,effective,29.951219944088038
1.0,3274,base_model.model.roberta.encoder.layer.6.intermediate.dense.weight,base,22.03994696544542
1.0,3274,base_model.model.roberta.encoder.layer.6.intermediate.dense.weight,delta,1.007137570925363
1.0,3274,base_model.model.roberta.encoder.layer.6.intermediate.dense.weight,effective,22.054108813429167
1.0,3274,base_model.model.roberta.encoder.layer.6.output.dense.weight,base,32.14799086383212
1.0,3274,base_model.model.roberta.encoder.layer.6.output.dense.weight,delta,1.0112106443349398
1.0,3274,base_model.model.roberta.encoder.layer.6.output.dense.weight,effective,32.15010561739598
1.0,3274,base_model.model.roberta.encoder.layer.7.attention.self.query.weight,base,14.658838567416794
1.0,3274,base_model.model.roberta.encoder.layer.7.attention.self.query.weight,delta,1.0681503425061203
1.0,3274,base_model.model.roberta.encoder.layer.7.attention.self.query.weight,effective,14.661226760923642
1.0,3274,base_model.model.roberta.encoder.layer.7.attention.self.key.weight,base,70.99344042385209
1.0,3274,base_model.model.roberta.encoder.layer.7.attention.self.key.weight,delta,1.7525961697967927
1.0,3274,base_model.model.roberta.encoder.layer.7.attention.self.key.weight,effective,71.0031503446603
1.0,3274,base_model.model.roberta.encoder.layer.7.attention.self.value.weight,base,77.89752183447247
1.0,3274,base_model.model.roberta.encoder.layer.7.attention.self.value.weight,delta,1.0338791882668419
1.0,3274,base_model.model.roberta.encoder.layer.7.attention.self.value.weight,effective,77.90599992693706
1.0,3274,base_model.model.roberta.encoder.layer.7.attention.output.dense.weight,base,26.25258171912584
1.0,3274,base_model.model.roberta.encoder.layer.7.attention.output.dense.weight,delta,1.3135427658388026
1.0,3274,base_model.model.roberta.encoder.layer.7.attention.output.dense.weight,effective,26.244734519587436
1.0,3274,base_model.model.roberta.encoder.layer.7.intermediate.dense.weight,base,21.184176643360725
1.0,3274,base_model.model.roberta.encoder.layer.7.intermediate.dense.weight,delta,1.0033209937667522
1.0,3274,base_model.model.roberta.encoder.layer.7.intermediate.dense.weight,effective,21.20359573297643
1.0,3274,base_model.model.roberta.encoder.layer.7.output.dense.weight,base,30.771296447145282
1.0,3274,base_model.model.roberta.encoder.layer.7.output.dense.weight,delta,1.0064303378260309
1.0,3274,base_model.model.roberta.encoder.layer.7.output.dense.weight,effective,30.774544750544152
1.0,3274,base_model.model.roberta.encoder.layer.8.attention.self.query.weight,base,19.554995123435056
1.0,3274,base_model.model.roberta.encoder.layer.8.attention.self.query.weight,delta,1.0154218530119308
1.0,3274,base_model.model.roberta.encoder.layer.8.attention.self.query.weight,effective,19.553857803250565
1.0,3274,base_model.model.roberta.encoder.layer.8.attention.self.key.weight,base,72.46252770643032
1.0,3274,base_model.model.roberta.encoder.layer.8.attention.self.key.weight,delta,1.7102174510245192
1.0,3274,base_model.model.roberta.encoder.layer.8.attention.self.key.weight,effective,72.45797450161582
1.0,3274,base_model.model.roberta.encoder.layer.8.attention.self.value.weight,base,68.24090761427492
1.0,3274,base_model.model.roberta.encoder.layer.8.attention.self.value.weight,delta,1.1110338142649756
1.0,3274,base_model.model.roberta.encoder.layer.8.attention.self.value.weight,effective,68.24750566364305
1.0,3274,base_model.model.roberta.encoder.layer.8.attention.output.dense.weight,base,25.215026114384766
1.0,3274,base_model.model.roberta.encoder.layer.8.attention.output.dense.weight,delta,1.0802794582434596
1.0,3274,base_model.model.roberta.encoder.layer.8.attention.output.dense.weight,effective,25.212877447452456
1.0,3274,base_model.model.roberta.encoder.layer.8.intermediate.dense.weight,base,22.94873607984339
1.0,3274,base_model.model.roberta.encoder.layer.8.intermediate.dense.weight,delta,1.0041770101173784
1.0,3274,base_model.model.roberta.encoder.layer.8.intermediate.dense.weight,effective,22.965486507602265
1.0,3274,base_model.model.roberta.encoder.layer.8.output.dense.weight,base,33.20090685709213
1.0,3274,base_model.model.roberta.encoder.layer.8.output.dense.weight,delta,1.0055489258948989
1.0,3274,base_model.model.roberta.encoder.layer.8.output.dense.weight,effective,33.20663076048404
1.0,3274,base_model.model.roberta.encoder.layer.9.attention.self.query.weight,base,14.074112128999012
1.0,3274,base_model.model.roberta.encoder.layer.9.attention.self.query.weight,delta,1.0158659847633542
1.0,3274,base_model.model.roberta.encoder.layer.9.attention.self.query.weight,effective,14.073751918457667
1.0,3274,base_model.model.roberta.encoder.layer.9.attention.self.key.weight,base,82.21456241058715
1.0,3274,base_model.model.roberta.encoder.layer.9.attention.self.key.weight,delta,1.4745926716658784
1.0,3274,base_model.model.roberta.encoder.layer.9.attention.self.key.weight,effective,82.26739573912008
1.0,3274,base_model.model.roberta.encoder.layer.9.attention.self.value.weight,base,94.15371923486272
1.0,3274,base_model.model.roberta.encoder.layer.9.attention.self.value.weight,delta,1.0140516584538988
1.0,3274,base_model.model.roberta.encoder.layer.9.attention.self.value.weight,effective,94.16065284256935
1.0,3274,base_model.model.roberta.encoder.layer.9.attention.output.dense.weight,base,27.16329966608273
1.0,3274,base_model.model.roberta.encoder.layer.9.attention.output.dense.weight,delta,1.1813208584376333
1.0,3274,base_model.model.roberta.encoder.layer.9.attention.output.dense.weight,effective,27.163935628725397
1.0,3274,base_model.model.roberta.encoder.layer.9.intermediate.dense.weight,base,22.8722040849843
1.0,3274,base_model.model.roberta.encoder.layer.9.intermediate.dense.weight,delta,1.0043977370865818
1.0,3274,base_model.model.roberta.encoder.layer.9.intermediate.dense.weight,effective,22.864262571704877
1.0,3274,base_model.model.roberta.encoder.layer.9.output.dense.weight,base,31.291706379686776
1.0,3274,base_model.model.roberta.encoder.layer.9.output.dense.weight,delta,1.0127215059051993
1.0,3274,base_model.model.roberta.encoder.layer.9.output.dense.weight,effective,31.293460555080472
1.0,3274,base_model.model.roberta.encoder.layer.10.attention.self.query.weight,base,43.93787210542925
1.0,3274,base_model.model.roberta.encoder.layer.10.attention.self.query.weight,delta,1.0206177138371337
1.0,3274,base_model.model.roberta.encoder.layer.10.attention.self.query.weight,effective,43.92828166503044
1.0,3274,base_model.model.roberta.encoder.layer.10.attention.self.key.weight,base,84.34775663528752
1.0,3274,base_model.model.roberta.encoder.layer.10.attention.self.key.weight,delta,1.0963539906044513
1.0,3274,base_model.model.roberta.encoder.layer.10.attention.self.key.weight,effective,84.27399761080642
1.0,3274,base_model.model.roberta.encoder.layer.10.attention.self.value.weight,base,95.82444154352557
1.0,3274,base_model.model.roberta.encoder.layer.10.attention.self.value.weight,delta,1.0184836050127481
1.0,3274,base_model.model.roberta.encoder.layer.10.attention.self.value.weight,effective,95.8756966055357
1.0,3274,base_model.model.roberta.encoder.layer.10.attention.output.dense.weight,base,25.41130698429029
1.0,3274,base_model.model.roberta.encoder.layer.10.attention.output.dense.weight,delta,1.828703006841703
1.0,3274,base_model.model.roberta.encoder.layer.10.attention.output.dense.weight,effective,25.40758320827707
1.0,3274,base_model.model.roberta.encoder.layer.10.intermediate.dense.weight,base,23.61416247632014
1.0,3274,base_model.model.roberta.encoder.layer.10.intermediate.dense.weight,delta,1.002629484491283
1.0,3274,base_model.model.roberta.encoder.layer.10.intermediate.dense.weight,effective,23.589872340305078
1.0,3274,base_model.model.roberta.encoder.layer.10.output.dense.weight,base,28.482765434223122
1.0,3274,base_model.model.roberta.encoder.layer.10.output.dense.weight,delta,1.1216547189387742
1.0,3274,base_model.model.roberta.encoder.layer.10.output.dense.weight,effective,28.48475284201937
1.0,3274,base_model.model.roberta.encoder.layer.11.attention.self.query.weight,base,42.711296516148266
1.0,3274,base_model.model.roberta.encoder.layer.11.attention.self.query.weight,delta,1.0244215203105187
1.0,3274,base_model.model.roberta.encoder.layer.11.attention.self.query.weight,effective,42.707448711692834
1.0,3274,base_model.model.roberta.encoder.layer.11.attention.self.key.weight,base,89.36574388593367
1.0,3274,base_model.model.roberta.encoder.layer.11.attention.self.key.weight,delta,2.169669516914478
1.0,3274,base_model.model.roberta.encoder.layer.11.attention.self.key.weight,effective,89.31139038309605
1.0,3274,base_model.model.roberta.encoder.layer.11.attention.self.value.weight,base,91.12228329898201
1.0,3274,base_model.model.roberta.encoder.layer.11.attention.self.value.weight,delta,1.0871112332595771
1.0,3274,base_model.model.roberta.encoder.layer.11.attention.self.value.weight,effective,91.11850244362236
1.0,3274,base_model.model.roberta.encoder.layer.11.attention.output.dense.weight,base,23.711106828708598
1.0,3274,base_model.model.roberta.encoder.layer.11.attention.output.dense.weight,delta,1.4337466811474968
1.0,3274,base_model.model.roberta.encoder.layer.11.attention.output.dense.weight,effective,23.70077533610757
1.0,3274,base_model.model.roberta.encoder.layer.11.intermediate.dense.weight,base,23.921582739751972
1.0,3274,base_model.model.roberta.encoder.layer.11.intermediate.dense.weight,delta,1.0248046847850336
1.0,3274,base_model.model.roberta.encoder.layer.11.intermediate.dense.weight,effective,23.92501183666998
1.0,3274,base_model.model.roberta.encoder.layer.11.output.dense.weight,base,32.25425665985377
1.0,3274,base_model.model.roberta.encoder.layer.11.output.dense.weight,delta,1.0154485294025668
1.0,3274,base_model.model.roberta.encoder.layer.11.output.dense.weight,effective,32.25994892150257
1.0,3274,base_model.model.roberta.encoder.layer.12.attention.self.query.weight,base,19.80133963517949
1.0,3274,base_model.model.roberta.encoder.layer.12.attention.self.query.weight,delta,1.011483073628617
1.0,3274,base_model.model.roberta.encoder.layer.12.attention.self.query.weight,effective,19.803893128374316
1.0,3274,base_model.model.roberta.encoder.layer.12.attention.self.key.weight,base,59.51423417589006
1.0,3274,base_model.model.roberta.encoder.layer.12.attention.self.key.weight,delta,1.1537614703182026
1.0,3274,base_model.model.roberta.encoder.layer.12.attention.self.key.weight,effective,59.47956116699501
1.0,3274,base_model.model.roberta.encoder.layer.12.attention.self.value.weight,base,104.55182735098823
1.0,3274,base_model.model.roberta.encoder.layer.12.attention.self.value.weight,delta,1.0414850753175295
1.0,3274,base_model.model.roberta.encoder.layer.12.attention.self.value.weight,effective,104.55140020936703
1.0,3274,base_model.model.roberta.encoder.layer.12.attention.output.dense.weight,base,31.68961963951198
1.0,3274,base_model.model.roberta.encoder.layer.12.attention.output.dense.weight,delta,1.5525098043702323
1.0,3274,base_model.model.roberta.encoder.layer.12.attention.output.dense.weight,effective,31.688717757654015
1.0,3274,base_model.model.roberta.encoder.layer.12.intermediate.dense.weight,base,23.306472149343517
1.0,3274,base_model.model.roberta.encoder.layer.12.intermediate.dense.weight,delta,1.0034479942995338
1.0,3274,base_model.model.roberta.encoder.layer.12.intermediate.dense.weight,effective,23.28970989496031
1.0,3274,base_model.model.roberta.encoder.layer.12.output.dense.weight,base,33.73366981573814
1.0,3274,base_model.model.roberta.encoder.layer.12.output.dense.weight,delta,1.0108141721809165
1.0,3274,base_model.model.roberta.encoder.layer.12.output.dense.weight,effective,33.73364245433553
1.0,3274,base_model.model.roberta.encoder.layer.13.attention.self.query.weight,base,19.42719294240054
1.0,3274,base_model.model.roberta.encoder.layer.13.attention.self.query.weight,delta,1.0061355193698562
1.0,3274,base_model.model.roberta.encoder.layer.13.attention.self.query.weight,effective,19.42532694841478
1.0,3274,base_model.model.roberta.encoder.layer.13.attention.self.key.weight,base,89.34542298597442
1.0,3274,base_model.model.roberta.encoder.layer.13.attention.self.key.weight,delta,1.1784111657123344
1.0,3274,base_model.model.roberta.encoder.layer.13.attention.self.key.weight,effective,89.33943563713986
1.0,3274,base_model.model.roberta.encoder.layer.13.attention.self.value.weight,base,103.98533663905238
1.0,3274,base_model.model.roberta.encoder.layer.13.attention.self.value.weight,delta,1.082866085900453
1.0,3274,base_model.model.roberta.encoder.layer.13.attention.self.value.weight,effective,103.95896903887001
1.0,3274,base_model.model.roberta.encoder.layer.13.attention.output.dense.weight,base,31.930869183442315
1.0,3274,base_model.model.roberta.encoder.layer.13.attention.output.dense.weight,delta,1.0409975632423865
1.0,3274,base_model.model.roberta.encoder.layer.13.attention.output.dense.weight,effective,31.930627431601643
1.0,3274,base_model.model.roberta.encoder.layer.13.intermediate.dense.weight,base,21.4924861033959
1.0,3274,base_model.model.roberta.encoder.layer.13.intermediate.dense.weight,delta,1.002780775769103
1.0,3274,base_model.model.roberta.encoder.layer.13.intermediate.dense.weight,effective,21.46430237937002
1.0,3274,base_model.model.roberta.encoder.layer.13.output.dense.weight,base,38.45666001020537
1.0,3274,base_model.model.roberta.encoder.layer.13.output.dense.weight,delta,1.0043908208636154
1.0,3274,base_model.model.roberta.encoder.layer.13.output.dense.weight,effective,38.45846050508706
1.0,3274,base_model.model.roberta.encoder.layer.14.attention.self.query.weight,base,14.950092836443968
1.0,3274,base_model.model.roberta.encoder.layer.14.attention.self.query.weight,delta,1.023362146073369
1.0,3274,base_model.model.roberta.encoder.layer.14.attention.self.query.weight,effective,14.942028617879712
1.0,3274,base_model.model.roberta.encoder.layer.14.attention.self.key.weight,base,69.63970689456136
1.0,3274,base_model.model.roberta.encoder.layer.14.attention.self.key.weight,delta,1.5624767358803127
1.0,3274,base_model.model.roberta.encoder.layer.14.attention.self.key.weight,effective,69.63078032198477
1.0,3274,base_model.model.roberta.encoder.layer.14.attention.self.value.weight,base,105.91215913275136
1.0,3274,base_model.model.roberta.encoder.layer.14.attention.self.value.weight,delta,1.0370512535650325
1.0,3274,base_model.model.roberta.encoder.layer.14.attention.self.value.weight,effective,105.91803562009599
1.0,3274,base_model.model.roberta.encoder.layer.14.attention.output.dense.weight,base,34.19242653847588
1.0,3274,base_model.model.roberta.encoder.layer.14.attention.output.dense.weight,delta,1.3310484621322558
1.0,3274,base_model.model.roberta.encoder.layer.14.attention.output.dense.weight,effective,34.192961389546554
1.0,3274,base_model.model.roberta.encoder.layer.14.intermediate.dense.weight,base,20.798387110600416
1.0,3274,base_model.model.roberta.encoder.layer.14.intermediate.dense.weight,delta,1.0117147354430671
1.0,3274,base_model.model.roberta.encoder.layer.14.intermediate.dense.weight,effective,20.810270527074845
1.0,3274,base_model.model.roberta.encoder.layer.14.output.dense.weight,base,20.652845573172012
1.0,3274,base_model.model.roberta.encoder.layer.14.output.dense.weight,delta,1.0035441682541992
1.0,3274,base_model.model.roberta.encoder.layer.14.output.dense.weight,effective,20.651896564172898
1.0,3274,base_model.model.roberta.encoder.layer.15.attention.self.query.weight,base,31.91981094559281
1.0,3274,base_model.model.roberta.encoder.layer.15.attention.self.query.weight,delta,1.0106992548654492
1.0,3274,base_model.model.roberta.encoder.layer.15.attention.self.query.weight,effective,31.92046235961032
1.0,3274,base_model.model.roberta.encoder.layer.15.attention.self.key.weight,base,79.51391215956669
1.0,3274,base_model.model.roberta.encoder.layer.15.attention.self.key.weight,delta,1.3577589384757276
1.0,3274,base_model.model.roberta.encoder.layer.15.attention.self.key.weight,effective,79.53626163317519
1.0,3274,base_model.model.roberta.encoder.layer.15.attention.self.value.weight,base,104.47581356199453
1.0,3274,base_model.model.roberta.encoder.layer.15.attention.self.value.weight,delta,1.0846104200203481
1.0,3274,base_model.model.roberta.encoder.layer.15.attention.self.value.weight,effective,104.47897702888069
1.0,3274,base_model.model.roberta.encoder.layer.15.attention.output.dense.weight,base,15.276684828215696
1.0,3274,base_model.model.roberta.encoder.layer.15.attention.output.dense.weight,delta,1.2823592774847172
1.0,3274,base_model.model.roberta.encoder.layer.15.attention.output.dense.weight,effective,15.277791191138707
1.0,3274,base_model.model.roberta.encoder.layer.15.intermediate.dense.weight,base,25.351985666495665
1.0,3274,base_model.model.roberta.encoder.layer.15.intermediate.dense.weight,delta,1.0150334492942577
1.0,3274,base_model.model.roberta.encoder.layer.15.intermediate.dense.weight,effective,25.350231641749776
1.0,3274,base_model.model.roberta.encoder.layer.15.output.dense.weight,base,18.276873411306507
1.0,3274,base_model.model.roberta.encoder.layer.15.output.dense.weight,delta,1.0111170729193704
1.0,3274,base_model.model.roberta.encoder.layer.15.output.dense.weight,effective,18.277544381399693
1.0,3274,base_model.model.roberta.encoder.layer.16.attention.self.query.weight,base,78.90741647514638
1.0,3274,base_model.model.roberta.encoder.layer.16.attention.self.query.weight,delta,1.0080600122794976
1.0,3274,base_model.model.roberta.encoder.layer.16.attention.self.query.weight,effective,78.93075173633565
1.0,3274,base_model.model.roberta.encoder.layer.16.attention.self.key.weight,base,87.61963184012855
1.0,3274,base_model.model.roberta.encoder.layer.16.attention.self.key.weight,delta,1.5891456319176651
1.0,3274,base_model.model.roberta.encoder.layer.16.attention.self.key.weight,effective,87.64224050531108
1.0,3274,base_model.model.roberta.encoder.layer.16.attention.self.value.weight,base,97.07574430485145
1.0,3274,base_model.model.roberta.encoder.layer.16.attention.self.value.weight,delta,1.0366580286336395
1.0,3274,base_model.model.roberta.encoder.layer.16.attention.self.value.weight,effective,97.07568953793718
1.0,3274,base_model.model.roberta.encoder.layer.16.attention.output.dense.weight,base,14.660626448700963
1.0,3274,base_model.model.roberta.encoder.layer.16.attention.output.dense.weight,delta,1.07582678410278
1.0,3274,base_model.model.roberta.encoder.layer.16.attention.output.dense.weight,effective,14.663890704765693
1.0,3274,base_model.model.roberta.encoder.layer.16.intermediate.dense.weight,base,31.375570204423624
1.0,3274,base_model.model.roberta.encoder.layer.16.intermediate.dense.weight,delta,1.0011411932217071
1.0,3274,base_model.model.roberta.encoder.layer.16.intermediate.dense.weight,effective,31.339940932613345
1.0,3274,base_model.model.roberta.encoder.layer.16.output.dense.weight,base,17.030436723646925
1.0,3274,base_model.model.roberta.encoder.layer.16.output.dense.weight,delta,1.0012292754235947
1.0,3274,base_model.model.roberta.encoder.layer.16.output.dense.weight,effective,17.03158326668461
1.0,3274,base_model.model.roberta.encoder.layer.17.attention.self.query.weight,base,70.1967671110762
1.0,3274,base_model.model.roberta.encoder.layer.17.attention.self.query.weight,delta,1.0007772531056347
1.0,3274,base_model.model.roberta.encoder.layer.17.attention.self.query.weight,effective,70.17324307369859
1.0,3274,base_model.model.roberta.encoder.layer.17.attention.self.key.weight,base,76.19706060450874
1.0,3274,base_model.model.roberta.encoder.layer.17.attention.self.key.weight,delta,1.8903687938568607
1.0,3274,base_model.model.roberta.encoder.layer.17.attention.self.key.weight,effective,76.17127119542049
1.0,3274,base_model.model.roberta.encoder.layer.17.attention.self.value.weight,base,118.53882569591501
1.0,3274,base_model.model.roberta.encoder.layer.17.attention.self.value.weight,delta,1.0414175547934295
1.0,3274,base_model.model.roberta.encoder.layer.17.attention.self.value.weight,effective,118.5629127743106
1.0,3274,base_model.model.roberta.encoder.layer.17.attention.output.dense.weight,base,19.10130545413139
1.0,3274,base_model.model.roberta.encoder.layer.17.attention.output.dense.weight,delta,1.0421150932541563
1.0,3274,base_model.model.roberta.encoder.layer.17.attention.output.dense.weight,effective,19.105183076304897
1.0,3274,base_model.model.roberta.encoder.layer.17.intermediate.dense.weight,base,33.29412874555674
1.0,3274,base_model.model.roberta.encoder.layer.17.intermediate.dense.weight,delta,1.0022523221900208
1.0,3274,base_model.model.roberta.encoder.layer.17.intermediate.dense.weight,effective,33.235252859241186
1.0,3274,base_model.model.roberta.encoder.layer.17.output.dense.weight,base,22.110656474802994
1.0,3274,base_model.model.roberta.encoder.layer.17.output.dense.weight,delta,1.0036022007126253
1.0,3274,base_model.model.roberta.encoder.layer.17.output.dense.weight,effective,22.110696497503437
1.0,3274,base_model.model.roberta.encoder.layer.18.attention.self.query.weight,base,73.4326767419924
1.0,3274,base_model.model.roberta.encoder.layer.18.attention.self.query.weight,delta,1.0011860753838173
1.0,3274,base_model.model.roberta.encoder.layer.18.attention.self.query.weight,effective,73.42550842004998
1.0,3274,base_model.model.roberta.encoder.layer.18.attention.self.key.weight,base,80.37733857175729
1.0,3274,base_model.model.roberta.encoder.layer.18.attention.self.key.weight,delta,1.397891221987747
1.0,3274,base_model.model.roberta.encoder.layer.18.attention.self.key.weight,effective,80.3883019962303
1.0,3274,base_model.model.roberta.encoder.layer.18.attention.self.value.weight,base,113.07689369586087
1.0,3274,base_model.model.roberta.encoder.layer.18.attention.self.value.weight,delta,1.0694250299853245
1.0,3274,base_model.model.roberta.encoder.layer.18.attention.self.value.weight,effective,113.07825786828887
1.0,3274,base_model.model.roberta.encoder.layer.18.attention.output.dense.weight,base,18.028766680307434
1.0,3274,base_model.model.roberta.encoder.layer.18.attention.output.dense.weight,delta,1.0757839675445686
1.0,3274,base_model.model.roberta.encoder.layer.18.attention.output.dense.weight,effective,18.03829092881138
1.0,3274,base_model.model.roberta.encoder.layer.18.intermediate.dense.weight,base,32.6844872681259
1.0,3274,base_model.model.roberta.encoder.layer.18.intermediate.dense.weight,delta,1.0018759268360575
1.0,3274,base_model.model.roberta.encoder.layer.18.intermediate.dense.weight,effective,32.632035696649574
1.0,3274,base_model.model.roberta.encoder.layer.18.output.dense.weight,base,21.433488387626884
1.0,3274,base_model.model.roberta.encoder.layer.18.output.dense.weight,delta,1.0009162379179701
1.0,3274,base_model.model.roberta.encoder.layer.18.output.dense.weight,effective,21.435401168912048
1.0,3274,base_model.model.roberta.encoder.layer.19.attention.self.query.weight,base,92.59084682443176
1.0,3274,base_model.model.roberta.encoder.layer.19.attention.self.query.weight,delta,1.0006852131535455
1.0,3274,base_model.model.roberta.encoder.layer.19.attention.self.query.weight,effective,92.38239204963025
1.0,3274,base_model.model.roberta.encoder.layer.19.attention.self.key.weight,base,70.02834221049284
1.0,3274,base_model.model.roberta.encoder.layer.19.attention.self.key.weight,delta,1.0933075186609758
1.0,3274,base_model.model.roberta.encoder.layer.19.attention.self.key.weight,effective,69.92645649613888
1.0,3274,base_model.model.roberta.encoder.layer.19.attention.self.value.weight,base,156.64708687234096
1.0,3274,base_model.model.roberta.encoder.layer.19.attention.self.value.weight,delta,1.2204719147578018
1.0,3274,base_model.model.roberta.encoder.layer.19.attention.self.value.weight,effective,156.7248280337521
1.0,3274,base_model.model.roberta.encoder.layer.19.attention.output.dense.weight,base,17.494144024820685
1.0,3274,base_model.model.roberta.encoder.layer.19.attention.output.dense.weight,delta,1.0418215647898017
1.0,3274,base_model.model.roberta.encoder.layer.19.attention.output.dense.weight,effective,17.498577142341283
1.0,3274,base_model.model.roberta.encoder.layer.19.intermediate.dense.weight,base,28.92210384099705
1.0,3274,base_model.model.roberta.encoder.layer.19.intermediate.dense.weight,delta,1.0064995862855912
1.0,3274,base_model.model.roberta.encoder.layer.19.intermediate.dense.weight,effective,28.888995485629426
1.0,3274,base_model.model.roberta.encoder.layer.19.output.dense.weight,base,19.716475538939285
1.0,3274,base_model.model.roberta.encoder.layer.19.output.dense.weight,delta,1.0091414320529588
1.0,3274,base_model.model.roberta.encoder.layer.19.output.dense.weight,effective,19.716679057824933
1.0,3274,base_model.model.roberta.encoder.layer.20.attention.self.query.weight,base,77.2070215501793
1.0,3274,base_model.model.roberta.encoder.layer.20.attention.self.query.weight,delta,1.0026385734791639
1.0,3274,base_model.model.roberta.encoder.layer.20.attention.self.query.weight,effective,77.1814547063758
1.0,3274,base_model.model.roberta.encoder.layer.20.attention.self.key.weight,base,54.8302367686625
1.0,3274,base_model.model.roberta.encoder.layer.20.attention.self.key.weight,delta,1.2147509067660385
1.0,3274,base_model.model.roberta.encoder.layer.20.attention.self.key.weight,effective,54.84102989198619
1.0,3274,base_model.model.roberta.encoder.layer.20.attention.self.value.weight,base,108.43384596250647
1.0,3274,base_model.model.roberta.encoder.layer.20.attention.self.value.weight,delta,1.465165627777876
1.0,3274,base_model.model.roberta.encoder.layer.20.attention.self.value.weight,effective,108.40835944785385
1.0,3274,base_model.model.roberta.encoder.layer.20.attention.output.dense.weight,base,15.783675262019102
1.0,3274,base_model.model.roberta.encoder.layer.20.attention.output.dense.weight,delta,1.0583604858412963
1.0,3274,base_model.model.roberta.encoder.layer.20.attention.output.dense.weight,effective,15.785184658154844
1.0,3274,base_model.model.roberta.encoder.layer.20.intermediate.dense.weight,base,24.95680646951418
1.0,3274,base_model.model.roberta.encoder.layer.20.intermediate.dense.weight,delta,1.0041212054666626
1.0,3274,base_model.model.roberta.encoder.layer.20.intermediate.dense.weight,effective,24.955881470030672
1.0,3274,base_model.model.roberta.encoder.layer.20.output.dense.weight,base,18.867906855073496
1.0,3274,base_model.model.roberta.encoder.layer.20.output.dense.weight,delta,1.282310109373614
1.0,3274,base_model.model.roberta.encoder.layer.20.output.dense.weight,effective,18.867322538592582
1.0,3274,base_model.model.roberta.encoder.layer.21.attention.self.query.weight,base,49.271407326276666
1.0,3274,base_model.model.roberta.encoder.layer.21.attention.self.query.weight,delta,1.000722764037477
1.0,3274,base_model.model.roberta.encoder.layer.21.attention.self.query.weight,effective,49.26815245665739
1.0,3274,base_model.model.roberta.encoder.layer.21.attention.self.key.weight,base,57.11420031170095
1.0,3274,base_model.model.roberta.encoder.layer.21.attention.self.key.weight,delta,1.0172106317561158
1.0,3274,base_model.model.roberta.encoder.layer.21.attention.self.key.weight,effective,57.133820445739985
1.0,3274,base_model.model.roberta.encoder.layer.21.attention.self.value.weight,base,88.20789990778927
1.0,3274,base_model.model.roberta.encoder.layer.21.attention.self.value.weight,delta,1.0428651211296933
1.0,3274,base_model.model.roberta.encoder.layer.21.attention.self.value.weight,effective,88.2419819180484
1.0,3274,base_model.model.roberta.encoder.layer.21.attention.output.dense.weight,base,17.47041927386182
1.0,3274,base_model.model.roberta.encoder.layer.21.attention.output.dense.weight,delta,1.0566675260325011
1.0,3274,base_model.model.roberta.encoder.layer.21.attention.output.dense.weight,effective,17.47376320598612
1.0,3274,base_model.model.roberta.encoder.layer.21.intermediate.dense.weight,base,23.56764144333285
1.0,3274,base_model.model.roberta.encoder.layer.21.intermediate.dense.weight,delta,1.0075250439792591
1.0,3274,base_model.model.roberta.encoder.layer.21.intermediate.dense.weight,effective,23.570861567278143
1.0,3274,base_model.model.roberta.encoder.layer.21.output.dense.weight,base,18.248913160750156
1.0,3274,base_model.model.roberta.encoder.layer.21.output.dense.weight,delta,1.0091620796112257
1.0,3274,base_model.model.roberta.encoder.layer.21.output.dense.weight,effective,18.24890910623478
1.0,3274,base_model.model.roberta.encoder.layer.22.attention.self.query.weight,base,36.14561126745775
1.0,3274,base_model.model.roberta.encoder.layer.22.attention.self.query.weight,delta,1.004986524796864
1.0,3274,base_model.model.roberta.encoder.layer.22.attention.self.query.weight,effective,36.15412439094526
1.0,3274,base_model.model.roberta.encoder.layer.22.attention.self.key.weight,base,40.92040908934638
1.0,3274,base_model.model.roberta.encoder.layer.22.attention.self.key.weight,delta,1.7723745963549031
1.0,3274,base_model.model.roberta.encoder.layer.22.attention.self.key.weight,effective,40.91996464767097
1.0,3274,base_model.model.roberta.encoder.layer.22.attention.self.value.weight,base,82.81308503859607
1.0,3274,base_model.model.roberta.encoder.layer.22.attention.self.value.weight,delta,1.4880733652987057
1.0,3274,base_model.model.roberta.encoder.layer.22.attention.self.value.weight,effective,82.7804610508141
1.0,3274,base_model.model.roberta.encoder.layer.22.attention.output.dense.weight,base,13.58594952450877
1.0,3274,base_model.model.roberta.encoder.layer.22.attention.output.dense.weight,delta,1.0810022439484563
1.0,3274,base_model.model.roberta.encoder.layer.22.attention.output.dense.weight,effective,13.589255630306331
1.0,3274,base_model.model.roberta.encoder.layer.22.intermediate.dense.weight,base,24.910133626088907
1.0,3274,base_model.model.roberta.encoder.layer.22.intermediate.dense.weight,delta,1.0318069728514432
1.0,3274,base_model.model.roberta.encoder.layer.22.intermediate.dense.weight,effective,24.89643557512331
1.0,3274,base_model.model.roberta.encoder.layer.22.output.dense.weight,base,25.045894912432924
1.0,3274,base_model.model.roberta.encoder.layer.22.output.dense.weight,delta,1.0262084515900278
1.0,3274,base_model.model.roberta.encoder.layer.22.output.dense.weight,effective,25.050241641951203
1.0,3274,base_model.model.roberta.encoder.layer.23.attention.self.query.weight,base,37.62998506488351
1.0,3274,base_model.model.roberta.encoder.layer.23.attention.self.query.weight,delta,1.0011897626310837
1.0,3274,base_model.model.roberta.encoder.layer.23.attention.self.query.weight,effective,37.64831639286014
1.0,3274,base_model.model.roberta.encoder.layer.23.attention.self.key.weight,base,44.522602587031
1.0,3274,base_model.model.roberta.encoder.layer.23.attention.self.key.weight,delta,1.1622223172865078
1.0,3274,base_model.model.roberta.encoder.layer.23.attention.self.key.weight,effective,44.38438015835064
1.0,3274,base_model.model.roberta.encoder.layer.23.attention.self.value.weight,base,140.48234274667016
1.0,3274,base_model.model.roberta.encoder.layer.23.attention.self.value.weight,delta,1.066563696937273
1.0,3274,base_model.model.roberta.encoder.layer.23.attention.self.value.weight,effective,140.38610803189894
1.0,3274,base_model.model.roberta.encoder.layer.23.attention.output.dense.weight,base,26.479698821973777
1.0,3274,base_model.model.roberta.encoder.layer.23.attention.output.dense.weight,delta,1.121747279766071
1.0,3274,base_model.model.roberta.encoder.layer.23.attention.output.dense.weight,effective,26.484414244824286
1.0,3274,base_model.model.roberta.encoder.layer.23.intermediate.dense.weight,base,27.593546720529336
1.0,3274,base_model.model.roberta.encoder.layer.23.intermediate.dense.weight,delta,1.175547434797795
1.0,3274,base_model.model.roberta.encoder.layer.23.intermediate.dense.weight,effective,27.59394025960981
1.0,3274,base_model.model.roberta.encoder.layer.23.output.dense.weight,base,16.276755463995432
1.0,3274,base_model.model.roberta.encoder.layer.23.output.dense.weight,delta,1.1600592301658441
1.0,3274,base_model.model.roberta.encoder.layer.23.output.dense.weight,effective,16.27651869317597
1.0,3274,base_model.model.classifier.original_module.dense.weight,base,259.4320181596651
1.0,3274,base_model.model.classifier.original_module.out_proj.weight,base,2.024922826154574
1.0,3274,base_model.model.classifier.modules_to_save.default.dense.weight,base,88.09877374759658
1.0,3274,base_model.model.classifier.modules_to_save.default.out_proj.weight,base,1.7512894243210988
2.0,6548,base_model.model.roberta.embeddings.word_embeddings.weight,base,2.8762521464546524
2.0,6548,base_model.model.roberta.embeddings.position_embeddings.weight,base,1.794806501817938
2.0,6548,base_model.model.roberta.embeddings.token_type_embeddings.weight,base,0.0
2.0,6548,base_model.model.roberta.encoder.layer.0.attention.self.query.weight,base,65.16850243294316
2.0,6548,base_model.model.roberta.encoder.layer.0.attention.self.query.weight,delta,1.797399444136683
2.0,6548,base_model.model.roberta.encoder.layer.0.attention.self.query.weight,effective,65.18007955717542
2.0,6548,base_model.model.roberta.encoder.layer.0.attention.self.key.weight,base,130.91481538106177
2.0,6548,base_model.model.roberta.encoder.layer.0.attention.self.key.weight,delta,2.3350079458761135
2.0,6548,base_model.model.roberta.encoder.layer.0.attention.self.key.weight,effective,130.8856357449975
2.0,6548,base_model.model.roberta.encoder.layer.0.attention.self.value.weight,base,88.31941014198881
2.0,6548,base_model.model.roberta.encoder.layer.0.attention.self.value.weight,delta,1.0502610186313597
2.0,6548,base_model.model.roberta.encoder.layer.0.attention.self.value.weight,effective,88.32003183398085
2.0,6548,base_model.model.roberta.encoder.layer.0.attention.output.dense.weight,base,5.915947919238045
2.0,6548,base_model.model.roberta.encoder.layer.0.attention.output.dense.weight,delta,1.0829690002201031
2.0,6548,base_model.model.roberta.encoder.layer.0.attention.output.dense.weight,effective,5.916104607203462
2.0,6548,base_model.model.roberta.encoder.layer.0.intermediate.dense.weight,base,7.211772906074545
2.0,6548,base_model.model.roberta.encoder.layer.0.intermediate.dense.weight,delta,1.0088327249814557
2.0,6548,base_model.model.roberta.encoder.layer.0.intermediate.dense.weight,effective,7.2114893153786195
2.0,6548,base_model.model.roberta.encoder.layer.0.output.dense.weight,base,45.444507184256565
2.0,6548,base_model.model.roberta.encoder.layer.0.output.dense.weight,delta,1.1190117631203074
2.0,6548,base_model.model.roberta.encoder.layer.0.output.dense.weight,effective,45.46055865220687
2.0,6548,base_model.model.roberta.encoder.layer.1.attention.self.query.weight,base,49.83982559284896
2.0,6548,base_model.model.roberta.encoder.layer.1.attention.self.query.weight,delta,1.1664497312949682
2.0,6548,base_model.model.roberta.encoder.layer.1.attention.self.query.weight,effective,49.844071147620475
2.0,6548,base_model.model.roberta.encoder.layer.1.attention.self.key.weight,base,36.683594715722144
2.0,6548,base_model.model.roberta.encoder.layer.1.attention.self.key.weight,delta,1.7759433494697066
2.0,6548,base_model.model.roberta.encoder.layer.1.attention.self.key.weight,effective,36.67584548905348
2.0,6548,base_model.model.roberta.encoder.layer.1.attention.self.value.weight,base,100.83349896198295
2.0,6548,base_model.model.roberta.encoder.layer.1.attention.self.value.weight,delta,1.1221824103080764
2.0,6548,base_model.model.roberta.encoder.layer.1.attention.self.value.weight,effective,100.84348773195289
2.0,6548,base_model.model.roberta.encoder.layer.1.attention.output.dense.weight,base,14.804032969892802
2.0,6548,base_model.model.roberta.encoder.layer.1.attention.output.dense.weight,delta,1.1996985572608798
2.0,6548,base_model.model.roberta.encoder.layer.1.attention.output.dense.weight,effective,14.804860405267254
2.0,6548,base_model.model.roberta.encoder.layer.1.intermediate.dense.weight,base,10.80473028402092
2.0,6548,base_model.model.roberta.encoder.layer.1.intermediate.dense.weight,delta,1.0047649541627623
2.0,6548,base_model.model.roberta.encoder.layer.1.intermediate.dense.weight,effective,10.810465322096968
2.0,6548,base_model.model.roberta.encoder.layer.1.output.dense.weight,base,29.953815799001653
2.0,6548,base_model.model.roberta.encoder.layer.1.output.dense.weight,delta,1.2499620051465563
2.0,6548,base_model.model.roberta.encoder.layer.1.output.dense.weight,effective,29.954026263054935
2.0,6548,base_model.model.roberta.encoder.layer.2.attention.self.query.weight,base,49.94102365282341
2.0,6548,base_model.model.roberta.encoder.layer.2.attention.self.query.weight,delta,1.0837866549938577
2.0,6548,base_model.model.roberta.encoder.layer.2.attention.self.query.weight,effective,49.85977876068172
2.0,6548,base_model.model.roberta.encoder.layer.2.attention.self.key.weight,base,56.246165221169115
2.0,6548,base_model.model.roberta.encoder.layer.2.attention.self.key.weight,delta,1.5487700726766203
2.0,6548,base_model.model.roberta.encoder.layer.2.attention.self.key.weight,effective,56.21975989615522
2.0,6548,base_model.model.roberta.encoder.layer.2.attention.self.value.weight,base,53.35955946695758
2.0,6548,base_model.model.roberta.encoder.layer.2.attention.self.value.weight,delta,1.0128327384597668
2.0,6548,base_model.model.roberta.encoder.layer.2.attention.self.value.weight,effective,53.35661713323452
2.0,6548,base_model.model.roberta.encoder.layer.2.attention.output.dense.weight,base,14.211729843144505
2.0,6548,base_model.model.roberta.encoder.layer.2.attention.output.dense.weight,delta,1.319125740295746
2.0,6548,base_model.model.roberta.encoder.layer.2.attention.output.dense.weight,effective,14.216539024391949
2.0,6548,base_model.model.roberta.encoder.layer.2.intermediate.dense.weight,base,14.171262905121031
2.0,6548,base_model.model.roberta.encoder.layer.2.intermediate.dense.weight,delta,1.0160948714762994
2.0,6548,base_model.model.roberta.encoder.layer.2.intermediate.dense.weight,effective,14.16913262482825
2.0,6548,base_model.model.roberta.encoder.layer.2.output.dense.weight,base,27.617960006342027
2.0,6548,base_model.model.roberta.encoder.layer.2.output.dense.weight,delta,1.402734030629513
2.0,6548,base_model.model.roberta.encoder.layer.2.output.dense.weight,effective,27.617182152915774
2.0,6548,base_model.model.roberta.encoder.layer.3.attention.self.query.weight,base,40.38710324398324
2.0,6548,base_model.model.roberta.encoder.layer.3.attention.self.query.weight,delta,1.0924871268211134
2.0,6548,base_model.model.roberta.encoder.layer.3.attention.self.query.weight,effective,40.38529849077879
2.0,6548,base_model.model.roberta.encoder.layer.3.attention.self.key.weight,base,52.78959322892153
2.0,6548,base_model.model.roberta.encoder.layer.3.attention.self.key.weight,delta,1.607164620567756
2.0,6548,base_model.model.roberta.encoder.layer.3.attention.self.key.weight,effective,52.785751179675565
2.0,6548,base_model.model.roberta.encoder.layer.3.attention.self.value.weight,base,85.08426624756609
2.0,6548,base_model.model.roberta.encoder.layer.3.attention.self.value.weight,delta,1.6745652285415165
2.0,6548,base_model.model.roberta.encoder.layer.3.attention.self.value.weight,effective,85.09289435212074
2.0,6548,base_model.model.roberta.encoder.layer.3.attention.output.dense.weight,base,21.91678510152632
2.0,6548,base_model.model.roberta.encoder.layer.3.attention.output.dense.weight,delta,1.0784196048734709
2.0,6548,base_model.model.roberta.encoder.layer.3.attention.output.dense.weight,effective,21.910904411966584
2.0,6548,base_model.model.roberta.encoder.layer.3.intermediate.dense.weight,base,20.110905845538312
2.0,6548,base_model.model.roberta.encoder.layer.3.intermediate.dense.weight,delta,1.0057449760365753
2.0,6548,base_model.model.roberta.encoder.layer.3.intermediate.dense.weight,effective,20.103896052763858
2.0,6548,base_model.model.roberta.encoder.layer.3.output.dense.weight,base,25.971211357979648
2.0,6548,base_model.model.roberta.encoder.layer.3.output.dense.weight,delta,1.1462029504180096
2.0,6548,base_model.model.roberta.encoder.layer.3.output.dense.weight,effective,25.970625752083656
2.0,6548,base_model.model.roberta.encoder.layer.4.attention.self.query.weight,base,16.316341559015992
2.0,6548,base_model.model.roberta.encoder.layer.4.attention.self.query.weight,delta,1.4429217458875676
2.0,6548,base_model.model.roberta.encoder.layer.4.attention.self.query.weight,effective,16.317747940311815
2.0,6548,base_model.model.roberta.encoder.layer.4.attention.self.key.weight,base,61.19224054984023
2.0,6548,base_model.model.roberta.encoder.layer.4.attention.self.key.weight,delta,1.054209709433751
2.0,6548,base_model.model.roberta.encoder.layer.4.attention.self.key.weight,effective,61.2891170379589
2.0,6548,base_model.model.roberta.encoder.layer.4.attention.self.value.weight,base,105.4275948284823
2.0,6548,base_model.model.roberta.encoder.layer.4.attention.self.value.weight,delta,1.0747299195339621
2.0,6548,base_model.model.roberta.encoder.layer.4.attention.self.value.weight,effective,105.38908147285112
2.0,6548,base_model.model.roberta.encoder.layer.4.attention.output.dense.weight,base,20.803518310365877
2.0,6548,base_model.model.roberta.encoder.layer.4.attention.output.dense.weight,delta,1.2908167548519869
2.0,6548,base_model.model.roberta.encoder.layer.4.attention.output.dense.weight,effective,20.80441160833196
2.0,6548,base_model.model.roberta.encoder.layer.4.intermediate.dense.weight,base,20.02480060993551
2.0,6548,base_model.model.roberta.encoder.layer.4.intermediate.dense.weight,delta,1.0095045874148372
2.0,6548,base_model.model.roberta.encoder.layer.4.intermediate.dense.weight,effective,20.02998153696828
2.0,6548,base_model.model.roberta.encoder.layer.4.output.dense.weight,base,29.728196317360545
2.0,6548,base_model.model.roberta.encoder.layer.4.output.dense.weight,delta,1.0184815913260143
2.0,6548,base_model.model.roberta.encoder.layer.4.output.dense.weight,effective,29.729227636495086
2.0,6548,base_model.model.roberta.encoder.layer.5.attention.self.query.weight,base,11.762495176171988
2.0,6548,base_model.model.roberta.encoder.layer.5.attention.self.query.weight,delta,1.0303681010865038
2.0,6548,base_model.model.roberta.encoder.layer.5.attention.self.query.weight,effective,11.75532754517395
2.0,6548,base_model.model.roberta.encoder.layer.5.attention.self.key.weight,base,61.699005373669515
2.0,6548,base_model.model.roberta.encoder.layer.5.attention.self.key.weight,delta,1.057052827198172
2.0,6548,base_model.model.roberta.encoder.layer.5.attention.self.key.weight,effective,61.84678642898232
2.0,6548,base_model.model.roberta.encoder.layer.5.attention.self.value.weight,base,99.56625816874656
2.0,6548,base_model.model.roberta.encoder.layer.5.attention.self.value.weight,delta,1.0214769785592996
2.0,6548,base_model.model.roberta.encoder.layer.5.attention.self.value.weight,effective,99.56332315860537
2.0,6548,base_model.model.roberta.encoder.layer.5.attention.output.dense.weight,base,26.298959057905314
2.0,6548,base_model.model.roberta.encoder.layer.5.attention.output.dense.weight,delta,1.2845151104481298
2.0,6548,base_model.model.roberta.encoder.layer.5.attention.output.dense.weight,effective,26.30531325660549
2.0,6548,base_model.model.roberta.encoder.layer.5.intermediate.dense.weight,base,20.785218764453894
2.0,6548,base_model.model.roberta.encoder.layer.5.intermediate.dense.weight,delta,1.0041270428995521
2.0,6548,base_model.model.roberta.encoder.layer.5.intermediate.dense.weight,effective,20.797215292119738
2.0,6548,base_model.model.roberta.encoder.layer.5.output.dense.weight,base,35.247083242875256
2.0,6548,base_model.model.roberta.encoder.layer.5.output.dense.weight,delta,1.0844564137248096
2.0,6548,base_model.model.roberta.encoder.layer.5.output.dense.weight,effective,35.25172736270023
2.0,6548,base_model.model.roberta.encoder.layer.6.attention.self.query.weight,base,14.075301678596741
2.0,6548,base_model.model.roberta.encoder.layer.6.attention.self.query.weight,delta,1.2825012967500817
2.0,6548,base_model.model.roberta.encoder.layer.6.attention.self.query.weight,effective,14.07198594211905
2.0,6548,base_model.model.roberta.encoder.layer.6.attention.self.key.weight,base,66.43951114473974
2.0,6548,base_model.model.roberta.encoder.layer.6.attention.self.key.weight,delta,1.148685309040729
2.0,6548,base_model.model.roberta.encoder.layer.6.attention.self.key.weight,effective,66.50473177647696
2.0,6548,base_model.model.roberta.encoder.layer.6.attention.self.value.weight,base,90.24191649634543
2.0,6548,base_model.model.roberta.encoder.layer.6.attention.self.value.weight,delta,1.0372494695998895
2.0,6548,base_model.model.roberta.encoder.layer.6.attention.self.value.weight,effective,90.25176755982628
2.0,6548,base_model.model.roberta.encoder.layer.6.attention.output.dense.weight,base,29.94873534068194
2.0,6548,base_model.model.roberta.encoder.layer.6.attention.output.dense.weight,delta,1.484182576360096
2.0,6548,base_model.model.roberta.encoder.layer.6.attention.output.dense.weight,effective,29.950641053856522
2.0,6548,base_model.model.roberta.encoder.layer.6.intermediate.dense.weight,base,22.03994696544542
2.0,6548,base_model.model.roberta.encoder.layer.6.intermediate.dense.weight,delta,1.0026304676306486
2.0,6548,base_model.model.roberta.encoder.layer.6.intermediate.dense.weight,effective,22.03699976118972
2.0,6548,base_model.model.roberta.encoder.layer.6.output.dense.weight,base,32.14799086383212
2.0,6548,base_model.model.roberta.encoder.layer.6.output.dense.weight,delta,1.0099134063898336
2.0,6548,base_model.model.roberta.encoder.layer.6.output.dense.weight,effective,32.15562230699599
2.0,6548,base_model.model.roberta.encoder.layer.7.attention.self.query.weight,base,14.658838567416794
2.0,6548,base_model.model.roberta.encoder.layer.7.attention.self.query.weight,delta,1.0381507634433782
2.0,6548,base_model.model.roberta.encoder.layer.7.attention.self.query.weight,effective,14.66309000936381
2.0,6548,base_model.model.roberta.encoder.layer.7.attention.self.key.weight,base,70.99344042385209
2.0,6548,base_model.model.roberta.encoder.layer.7.attention.self.key.weight,delta,1.4359361336831509
2.0,6548,base_model.model.roberta.encoder.layer.7.attention.self.key.weight,effective,70.98446852815937
2.0,6548,base_model.model.roberta.encoder.layer.7.attention.self.value.weight,base,77.89752183447247
2.0,6548,base_model.model.roberta.encoder.layer.7.attention.self.value.weight,delta,1.0880868393275145
2.0,6548,base_model.model.roberta.encoder.layer.7.attention.self.value.weight,effective,77.92142974390178
2.0,6548,base_model.model.roberta.encoder.layer.7.attention.output.dense.weight,base,26.25258171912584
2.0,6548,base_model.model.roberta.encoder.layer.7.attention.output.dense.weight,delta,1.4932088321310868
2.0,6548,base_model.model.roberta.encoder.layer.7.attention.output.dense.weight,effective,26.246672786670615
2.0,6548,base_model.model.roberta.encoder.layer.7.intermediate.dense.weight,base,21.184176643360725
2.0,6548,base_model.model.roberta.encoder.layer.7.intermediate.dense.weight,delta,1.001759936307087
2.0,6548,base_model.model.roberta.encoder.layer.7.intermediate.dense.weight,effective,21.168717546481382
2.0,6548,base_model.model.roberta.encoder.layer.7.output.dense.weight,base,30.771296447145282
2.0,6548,base_model.model.roberta.encoder.layer.7.output.dense.weight,delta,1.0071268086543206
2.0,6548,base_model.model.roberta.encoder.layer.7.output.dense.weight,effective,30.77688065897793
2.0,6548,base_model.model.roberta.encoder.layer.8.attention.self.query.weight,base,19.554995123435056
2.0,6548,base_model.model.roberta.encoder.layer.8.attention.self.query.weight,delta,1.0123945416202718
2.0,6548,base_model.model.roberta.encoder.layer.8.attention.self.query.weight,effective,19.55842576312106
2.0,6548,base_model.model.roberta.encoder.layer.8.attention.self.key.weight,base,72.46252770643032
2.0,6548,base_model.model.roberta.encoder.layer.8.attention.self.key.weight,delta,1.5665986751225687
2.0,6548,base_model.model.roberta.encoder.layer.8.attention.self.key.weight,effective,72.43686831692584
2.0,6548,base_model.model.roberta.encoder.layer.8.attention.self.value.weight,base,68.24090761427492
2.0,6548,base_model.model.roberta.encoder.layer.8.attention.self.value.weight,delta,1.129736672930606
2.0,6548,base_model.model.roberta.encoder.layer.8.attention.self.value.weight,effective,68.24424470174809
2.0,6548,base_model.model.roberta.encoder.layer.8.attention.output.dense.weight,base,25.215026114384766
2.0,6548,base_model.model.roberta.encoder.layer.8.attention.output.dense.weight,delta,1.0832668122500269
2.0,6548,base_model.model.roberta.encoder.layer.8.attention.output.dense.weight,effective,25.215088866992183
2.0,6548,base_model.model.roberta.encoder.layer.8.intermediate.dense.weight,base,22.94873607984339
2.0,6548,base_model.model.roberta.encoder.layer.8.intermediate.dense.weight,delta,1.0024633912415242
2.0,6548,base_model.model.roberta.encoder.layer.8.intermediate.dense.weight,effective,22.960351360392963
2.0,6548,base_model.model.roberta.encoder.layer.8.output.dense.weight,base,33.20090685709213
2.0,6548,base_model.model.roberta.encoder.layer.8.output.dense.weight,delta,1.0063683381144253
2.0,6548,base_model.model.roberta.encoder.layer.8.output.dense.weight,effective,33.21028911778778
2.0,6548,base_model.model.roberta.encoder.layer.9.attention.self.query.weight,base,14.074112128999012
2.0,6548,base_model.model.roberta.encoder.layer.9.attention.self.query.weight,delta,1.0150378903002073
2.0,6548,base_model.model.roberta.encoder.layer.9.attention.self.query.weight,effective,14.075500156338794
2.0,6548,base_model.model.roberta.encoder.layer.9.attention.self.key.weight,base,82.21456241058715
2.0,6548,base_model.model.roberta.encoder.layer.9.attention.self.key.weight,delta,1.6356076086293598
2.0,6548,base_model.model.roberta.encoder.layer.9.attention.self.key.weight,effective,82.29781134470413
2.0,6548,base_model.model.roberta.encoder.layer.9.attention.self.value.weight,base,94.15371923486272
2.0,6548,base_model.model.roberta.encoder.layer.9.attention.self.value.weight,delta,1.0224060201150609
2.0,6548,base_model.model.roberta.encoder.layer.9.attention.self.value.weight,effective,94.1561874501738
2.0,6548,base_model.model.roberta.encoder.layer.9.attention.output.dense.weight,base,27.16329966608273
2.0,6548,base_model.model.roberta.encoder.layer.9.attention.output.dense.weight,delta,1.1659992431447468
2.0,6548,base_model.model.roberta.encoder.layer.9.attention.output.dense.weight,effective,27.1655011141278
2.0,6548,base_model.model.roberta.encoder.layer.9.intermediate.dense.weight,base,22.8722040849843
2.0,6548,base_model.model.roberta.encoder.layer.9.intermediate.dense.weight,delta,1.0025716390720465
2.0,6548,base_model.model.roberta.encoder.layer.9.intermediate.dense.weight,effective,22.87197683451526
2.0,6548,base_model.model.roberta.encoder.layer.9.output.dense.weight,base,31.291706379686776
2.0,6548,base_model.model.roberta.encoder.layer.9.output.dense.weight,delta,1.020534695293753
2.0,6548,base_model.model.roberta.encoder.layer.9.output.dense.weight,effective,31.296030972319734
2.0,6548,base_model.model.roberta.encoder.layer.10.attention.self.query.weight,base,43.93787210542925
2.0,6548,base_model.model.roberta.encoder.layer.10.attention.self.query.weight,delta,1.0254746965383057
2.0,6548,base_model.model.roberta.encoder.layer.10.attention.self.query.weight,effective,43.91412956340044
2.0,6548,base_model.model.roberta.encoder.layer.10.attention.self.key.weight,base,84.34775663528752
2.0,6548,base_model.model.roberta.encoder.layer.10.attention.self.key.weight,delta,1.1045477489825373
2.0,6548,base_model.model.roberta.encoder.layer.10.attention.self.key.weight,effective,84.22923561756623
2.0,6548,base_model.model.roberta.encoder.layer.10.attention.self.value.weight,base,95.82444154352557
2.0,6548,base_model.model.roberta.encoder.layer.10.attention.self.value.weight,delta,1.0286684982635403
2.0,6548,base_model.model.roberta.encoder.layer.10.attention.self.value.weight,effective,95.90106770165215
2.0,6548,base_model.model.roberta.encoder.layer.10.attention.output.dense.weight,base,25.41130698429029
2.0,6548,base_model.model.roberta.encoder.layer.10.attention.output.dense.weight,delta,2.040632516867024
2.0,6548,base_model.model.roberta.encoder.layer.10.attention.output.dense.weight,effective,25.41113853762556
2.0,6548,base_model.model.roberta.encoder.layer.10.intermediate.dense.weight,base,23.61416247632014
2.0,6548,base_model.model.roberta.encoder.layer.10.intermediate.dense.weight,delta,1.0019255002478824
2.0,6548,base_model.model.roberta.encoder.layer.10.intermediate.dense.weight,effective,23.587360063349546
2.0,6548,base_model.model.roberta.encoder.layer.10.output.dense.weight,base,28.482765434223122
2.0,6548,base_model.model.roberta.encoder.layer.10.output.dense.weight,delta,1.0718577564610645
2.0,6548,base_model.model.roberta.encoder.layer.10.output.dense.weight,effective,28.48089101763384
2.0,6548,base_model.model.roberta.encoder.layer.11.attention.self.query.weight,base,42.711296516148266
2.0,6548,base_model.model.roberta.encoder.layer.11.attention.self.query.weight,delta,1.0208915184079606
2.0,6548,base_model.model.roberta.encoder.layer.11.attention.self.query.weight,effective,42.71334467048033
2.0,6548,base_model.model.roberta.encoder.layer.11.attention.self.key.weight,base,89.36574388593367
2.0,6548,base_model.model.roberta.encoder.layer.11.attention.self.key.weight,delta,2.2429657006176282
2.0,6548,base_model.model.roberta.encoder.layer.11.attention.self.key.weight,effective,89.29628328246578
2.0,6548,base_model.model.roberta.encoder.layer.11.attention.self.value.weight,base,91.12228329898201
2.0,6548,base_model.model.roberta.encoder.layer.11.attention.self.value.weight,delta,1.20065280850479
2.0,6548,base_model.model.roberta.encoder.layer.11.attention.self.value.weight,effective,91.10446982235786
2.0,6548,base_model.model.roberta.encoder.layer.11.attention.output.dense.weight,base,23.711106828708598
2.0,6548,base_model.model.roberta.encoder.layer.11.attention.output.dense.weight,delta,1.6505772982538498
2.0,6548,base_model.model.roberta.encoder.layer.11.attention.output.dense.weight,effective,23.70010160002503
2.0,6548,base_model.model.roberta.encoder.layer.11.intermediate.dense.weight,base,23.921582739751972
2.0,6548,base_model.model.roberta.encoder.layer.11.intermediate.dense.weight,delta,1.0235714768511308
2.0,6548,base_model.model.roberta.encoder.layer.11.intermediate.dense.weight,effective,23.915751852446505
2.0,6548,base_model.model.roberta.encoder.layer.11.output.dense.weight,base,32.25425665985377
2.0,6548,base_model.model.roberta.encoder.layer.11.output.dense.weight,delta,1.0133156975661584
2.0,6548,base_model.model.roberta.encoder.layer.11.output.dense.weight,effective,32.26214205190385
2.0,6548,base_model.model.roberta.encoder.layer.12.attention.self.query.weight,base,19.80133963517949
2.0,6548,base_model.model.roberta.encoder.layer.12.attention.self.query.weight,delta,1.0100800836871795
2.0,6548,base_model.model.roberta.encoder.layer.12.attention.self.query.weight,effective,19.808521694802987
2.0,6548,base_model.model.roberta.encoder.layer.12.attention.self.key.weight,base,59.51423417589006
2.0,6548,base_model.model.roberta.encoder.layer.12.attention.self.key.weight,delta,1.1691171307729726
2.0,6548,base_model.model.roberta.encoder.layer.12.attention.self.key.weight,effective,59.47191615766383
2.0,6548,base_model.model.roberta.encoder.layer.12.attention.self.value.weight,base,104.55182735098823
2.0,6548,base_model.model.roberta.encoder.layer.12.attention.self.value.weight,delta,1.0571304953864489
2.0,6548,base_model.model.roberta.encoder.layer.12.attention.self.value.weight,effective,104.55163601349
2.0,6548,base_model.model.roberta.encoder.layer.12.attention.output.dense.weight,base,31.68961963951198
2.0,6548,base_model.model.roberta.encoder.layer.12.attention.output.dense.weight,delta,1.665636226796351
2.0,6548,base_model.model.roberta.encoder.layer.12.attention.output.dense.weight,effective,31.691421385966468
2.0,6548,base_model.model.roberta.encoder.layer.12.intermediate.dense.weight,base,23.306472149343517
2.0,6548,base_model.model.roberta.encoder.layer.12.intermediate.dense.weight,delta,1.0024002389020725
2.0,6548,base_model.model.roberta.encoder.layer.12.intermediate.dense.weight,effective,23.282851556810236
2.0,6548,base_model.model.roberta.encoder.layer.12.output.dense.weight,base,33.73366981573814
2.0,6548,base_model.model.roberta.encoder.layer.12.output.dense.weight,delta,1.0120916868504457
2.0,6548,base_model.model.roberta.encoder.layer.12.output.dense.weight,effective,33.735242595220065
2.0,6548,base_model.model.roberta.encoder.layer.13.attention.self.query.weight,base,19.42719294240054
2.0,6548,base_model.model.roberta.encoder.layer.13.attention.self.query.weight,delta,1.0056776525238555
2.0,6548,base_model.model.roberta.encoder.layer.13.attention.self.query.weight,effective,19.425850014783066
2.0,6548,base_model.model.roberta.encoder.layer.13.attention.self.key.weight,base,89.34542298597442
2.0,6548,base_model.model.roberta.encoder.layer.13.attention.self.key.weight,delta,1.1872841327144423
2.0,6548,base_model.model.roberta.encoder.layer.13.attention.self.key.weight,effective,89.36823064770462
2.0,6548,base_model.model.roberta.encoder.layer.13.attention.self.value.weight,base,103.98533663905238
2.0,6548,base_model.model.roberta.encoder.layer.13.attention.self.value.weight,delta,1.1563608806102648
2.0,6548,base_model.model.roberta.encoder.layer.13.attention.self.value.weight,effective,103.94538802719958
2.0,6548,base_model.model.roberta.encoder.layer.13.attention.output.dense.weight,base,31.930869183442315
2.0,6548,base_model.model.roberta.encoder.layer.13.attention.output.dense.weight,delta,1.0495844622693318
2.0,6548,base_model.model.roberta.encoder.layer.13.attention.output.dense.weight,effective,31.93238147466907
2.0,6548,base_model.model.roberta.encoder.layer.13.intermediate.dense.weight,base,21.4924861033959
2.0,6548,base_model.model.roberta.encoder.layer.13.intermediate.dense.weight,delta,1.0018628038036608
2.0,6548,base_model.model.roberta.encoder.layer.13.intermediate.dense.weight,effective,21.448475880006775
2.0,6548,base_model.model.roberta.encoder.layer.13.output.dense.weight,base,38.45666001020537
2.0,6548,base_model.model.roberta.encoder.layer.13.output.dense.weight,delta,1.0042681051904399
2.0,6548,base_model.model.roberta.encoder.layer.13.output.dense.weight,effective,38.45795707963141
2.0,6548,base_model.model.roberta.encoder.layer.14.attention.self.query.weight,base,14.950092836443968
2.0,6548,base_model.model.roberta.encoder.layer.14.attention.self.query.weight,delta,1.0174404624972528
2.0,6548,base_model.model.roberta.encoder.layer.14.attention.self.query.weight,effective,14.939987502419324
2.0,6548,base_model.model.roberta.encoder.layer.14.attention.self.key.weight,base,69.63970689456136
2.0,6548,base_model.model.roberta.encoder.layer.14.attention.self.key.weight,delta,1.8478284779559597
2.0,6548,base_model.model.roberta.encoder.layer.14.attention.self.key.weight,effective,69.6347921806794
2.0,6548,base_model.model.roberta.encoder.layer.14.attention.self.value.weight,base,105.91215913275136
2.0,6548,base_model.model.roberta.encoder.layer.14.attention.self.value.weight,delta,1.0878360145885222
2.0,6548,base_model.model.roberta.encoder.layer.14.attention.self.value.weight,effective,105.93598052098103
2.0,6548,base_model.model.roberta.encoder.layer.14.attention.output.dense.weight,base,34.19242653847588
2.0,6548,base_model.model.roberta.encoder.layer.14.attention.output.dense.weight,delta,1.4054615123992333
2.0,6548,base_model.model.roberta.encoder.layer.14.attention.output.dense.weight,effective,34.19316150438069
2.0,6548,base_model.model.roberta.encoder.layer.14.intermediate.dense.weight,base,20.798387110600416
2.0,6548,base_model.model.roberta.encoder.layer.14.intermediate.dense.weight,delta,1.0085116963094345
2.0,6548,base_model.model.roberta.encoder.layer.14.intermediate.dense.weight,effective,20.792357896577396
2.0,6548,base_model.model.roberta.encoder.layer.14.output.dense.weight,base,20.652845573172012
2.0,6548,base_model.model.roberta.encoder.layer.14.output.dense.weight,delta,1.002568935841091
2.0,6548,base_model.model.roberta.encoder.layer.14.output.dense.weight,effective,20.653540300290587
2.0,6548,base_model.model.roberta.encoder.layer.15.attention.self.query.weight,base,31.91981094559281
2.0,6548,base_model.model.roberta.encoder.layer.15.attention.self.query.weight,delta,1.0062006558149552
2.0,6548,base_model.model.roberta.encoder.layer.15.attention.self.query.weight,effective,31.919430145321524
2.0,6548,base_model.model.roberta.encoder.layer.15.attention.self.key.weight,base,79.51391215956669
2.0,6548,base_model.model.roberta.encoder.layer.15.attention.self.key.weight,delta,1.3610991636109278
2.0,6548,base_model.model.roberta.encoder.layer.15.attention.self.key.weight,effective,79.53020584881384
2.0,6548,base_model.model.roberta.encoder.layer.15.attention.self.value.weight,base,104.47581356199453
2.0,6548,base_model.model.roberta.encoder.layer.15.attention.self.value.weight,delta,1.100581373522597
2.0,6548,base_model.model.roberta.encoder.layer.15.attention.self.value.weight,effective,104.4827379425863
2.0,6548,base_model.model.roberta.encoder.layer.15.attention.output.dense.weight,base,15.276684828215696
2.0,6548,base_model.model.roberta.encoder.layer.15.attention.output.dense.weight,delta,1.2733996550364322
2.0,6548,base_model.model.roberta.encoder.layer.15.attention.output.dense.weight,effective,15.279454174193514
2.0,6548,base_model.model.roberta.encoder.layer.15.intermediate.dense.weight,base,25.351985666495665
2.0,6548,base_model.model.roberta.encoder.layer.15.intermediate.dense.weight,delta,1.0091180723982123
2.0,6548,base_model.model.roberta.encoder.layer.15.intermediate.dense.weight,effective,25.33408753761751
2.0,6548,base_model.model.roberta.encoder.layer.15.output.dense.weight,base,18.276873411306507
2.0,6548,base_model.model.roberta.encoder.layer.15.output.dense.weight,delta,1.0155402692653965
2.0,6548,base_model.model.roberta.encoder.layer.15.output.dense.weight,effective,18.278983084756184
2.0,6548,base_model.model.roberta.encoder.layer.16.attention.self.query.weight,base,78.90741647514638
2.0,6548,base_model.model.roberta.encoder.layer.16.attention.self.query.weight,delta,1.0077813148886219
2.0,6548,base_model.model.roberta.encoder.layer.16.attention.self.query.weight,effective,78.95099296122427
2.0,6548,base_model.model.roberta.encoder.layer.16.attention.self.key.weight,base,87.61963184012855
2.0,6548,base_model.model.roberta.encoder.layer.16.attention.self.key.weight,delta,1.5796605735336648
2.0,6548,base_model.model.roberta.encoder.layer.16.attention.self.key.weight,effective,87.65713013120215
2.0,6548,base_model.model.roberta.encoder.layer.16.attention.self.value.weight,base,97.07574430485145
2.0,6548,base_model.model.roberta.encoder.layer.16.attention.self.value.weight,delta,1.0930722915667774
2.0,6548,base_model.model.roberta.encoder.layer.16.attention.self.value.weight,effective,97.07435327858185
2.0,6548,base_model.model.roberta.encoder.layer.16.attention.output.dense.weight,base,14.660626448700963
2.0,6548,base_model.model.roberta.encoder.layer.16.attention.output.dense.weight,delta,1.0790569119275195
2.0,6548,base_model.model.roberta.encoder.layer.16.attention.output.dense.weight,effective,14.665662828543462
2.0,6548,base_model.model.roberta.encoder.layer.16.intermediate.dense.weight,base,31.375570204423624
2.0,6548,base_model.model.roberta.encoder.layer.16.intermediate.dense.weight,delta,1.0006967027863927
2.0,6548,base_model.model.roberta.encoder.layer.16.intermediate.dense.weight,effective,31.319595109483153
2.0,6548,base_model.model.roberta.encoder.layer.16.output.dense.weight,base,17.030436723646925
2.0,6548,base_model.model.roberta.encoder.layer.16.output.dense.weight,delta,1.0035692145652793
2.0,6548,base_model.model.roberta.encoder.layer.16.output.dense.weight,effective,17.03551553558429
2.0,6548,base_model.model.roberta.encoder.layer.17.attention.self.query.weight,base,70.1967671110762
2.0,6548,base_model.model.roberta.encoder.layer.17.attention.self.query.weight,delta,1.000562926022385
2.0,6548,base_model.model.roberta.encoder.layer.17.attention.self.query.weight,effective,70.13191482708712
2.0,6548,base_model.model.roberta.encoder.layer.17.attention.self.key.weight,base,76.19706060450874
2.0,6548,base_model.model.roberta.encoder.layer.17.attention.self.key.weight,delta,1.8449129939476239
2.0,6548,base_model.model.roberta.encoder.layer.17.attention.self.key.weight,effective,76.17155368825834
2.0,6548,base_model.model.roberta.encoder.layer.17.attention.self.value.weight,base,118.53882569591501
2.0,6548,base_model.model.roberta.encoder.layer.17.attention.self.value.weight,delta,1.090537964807632
2.0,6548,base_model.model.roberta.encoder.layer.17.attention.self.value.weight,effective,118.5953512860772
2.0,6548,base_model.model.roberta.encoder.layer.17.attention.output.dense.weight,base,19.10130545413139
2.0,6548,base_model.model.roberta.encoder.layer.17.attention.output.dense.weight,delta,1.0545833352038125
2.0,6548,base_model.model.roberta.encoder.layer.17.attention.output.dense.weight,effective,19.109156884254773
2.0,6548,base_model.model.roberta.encoder.layer.17.intermediate.dense.weight,base,33.29412874555674
2.0,6548,base_model.model.roberta.encoder.layer.17.intermediate.dense.weight,delta,1.00161185304399
2.0,6548,base_model.model.roberta.encoder.layer.17.intermediate.dense.weight,effective,33.21814764174973
2.0,6548,base_model.model.roberta.encoder.layer.17.output.dense.weight,base,22.110656474802994
2.0,6548,base_model.model.roberta.encoder.layer.17.output.dense.weight,delta,1.003782004955216
2.0,6548,base_model.model.roberta.encoder.layer.17.output.dense.weight,effective,22.111005870300776
2.0,6548,base_model.model.roberta.encoder.layer.18.attention.self.query.weight,base,73.4326767419924
2.0,6548,base_model.model.roberta.encoder.layer.18.attention.self.query.weight,delta,1.00091283936448
2.0,6548,base_model.model.roberta.encoder.layer.18.attention.self.query.weight,effective,73.43108195730733
2.0,6548,base_model.model.roberta.encoder.layer.18.attention.self.key.weight,base,80.37733857175729
2.0,6548,base_model.model.roberta.encoder.layer.18.attention.self.key.weight,delta,1.3808723072727722
2.0,6548,base_model.model.roberta.encoder.layer.18.attention.self.key.weight,effective,80.42409287411733
2.0,6548,base_model.model.roberta.encoder.layer.18.attention.self.value.weight,base,113.07689369586087
2.0,6548,base_model.model.roberta.encoder.layer.18.attention.self.value.weight,delta,1.0585492507162342
2.0,6548,base_model.model.roberta.encoder.layer.18.attention.self.value.weight,effective,113.08372789346593
2.0,6548,base_model.model.roberta.encoder.layer.18.attention.output.dense.weight,base,18.028766680307434
2.0,6548,base_model.model.roberta.encoder.layer.18.attention.output.dense.weight,delta,1.0690595458954884
2.0,6548,base_model.model.roberta.encoder.layer.18.attention.output.dense.weight,effective,18.044962439144083
2.0,6548,base_model.model.roberta.encoder.layer.18.intermediate.dense.weight,base,32.6844872681259
2.0,6548,base_model.model.roberta.encoder.layer.18.intermediate.dense.weight,delta,1.0008755992156535
2.0,6548,base_model.model.roberta.encoder.layer.18.intermediate.dense.weight,effective,32.59166688830186
2.0,6548,base_model.model.roberta.encoder.layer.18.output.dense.weight,base,21.433488387626884
2.0,6548,base_model.model.roberta.encoder.layer.18.output.dense.weight,delta,1.0008111501121573
2.0,6548,base_model.model.roberta.encoder.layer.18.output.dense.weight,effective,21.435402239848667
2.0,6548,base_model.model.roberta.encoder.layer.19.attention.self.query.weight,base,92.59084682443176
2.0,6548,base_model.model.roberta.encoder.layer.19.attention.self.query.weight,delta,1.000309312486138
2.0,6548,base_model.model.roberta.encoder.layer.19.attention.self.query.weight,effective,92.50127991391145
2.0,6548,base_model.model.roberta.encoder.layer.19.attention.self.key.weight,base,70.02834221049284
2.0,6548,base_model.model.roberta.encoder.layer.19.attention.self.key.weight,delta,1.0716380616645544
2.0,6548,base_model.model.roberta.encoder.layer.19.attention.self.key.weight,effective,69.93148204606187
2.0,6548,base_model.model.roberta.encoder.layer.19.attention.self.value.weight,base,156.64708687234096
2.0,6548,base_model.model.roberta.encoder.layer.19.attention.self.value.weight,delta,1.289493349036713
2.0,6548,base_model.model.roberta.encoder.layer.19.attention.self.value.weight,effective,156.75617274589658
2.0,6548,base_model.model.roberta.encoder.layer.19.attention.output.dense.weight,base,17.494144024820685
2.0,6548,base_model.model.roberta.encoder.layer.19.attention.output.dense.weight,delta,1.0355413645453724
2.0,6548,base_model.model.roberta.encoder.layer.19.attention.output.dense.weight,effective,17.500274281097344
2.0,6548,base_model.model.roberta.encoder.layer.19.intermediate.dense.weight,base,28.92210384099705
2.0,6548,base_model.model.roberta.encoder.layer.19.intermediate.dense.weight,delta,1.0033133182730523
2.0,6548,base_model.model.roberta.encoder.layer.19.intermediate.dense.weight,effective,28.858895126459327
2.0,6548,base_model.model.roberta.encoder.layer.19.output.dense.weight,base,19.716475538939285
2.0,6548,base_model.model.roberta.encoder.layer.19.output.dense.weight,delta,1.0089725793881545
2.0,6548,base_model.model.roberta.encoder.layer.19.output.dense.weight,effective,19.7182035081212
2.0,6548,base_model.model.roberta.encoder.layer.20.attention.self.query.weight,base,77.2070215501793
2.0,6548,base_model.model.roberta.encoder.layer.20.attention.self.query.weight,delta,1.0012610792907193
2.0,6548,base_model.model.roberta.encoder.layer.20.attention.self.query.weight,effective,77.18515784522879
2.0,6548,base_model.model.roberta.encoder.layer.20.attention.self.key.weight,base,54.8302367686625
2.0,6548,base_model.model.roberta.encoder.layer.20.attention.self.key.weight,delta,1.1267318465065939
2.0,6548,base_model.model.roberta.encoder.layer.20.attention.self.key.weight,effective,54.84268777021894
2.0,6548,base_model.model.roberta.encoder.layer.20.attention.self.value.weight,base,108.43384596250647
2.0,6548,base_model.model.roberta.encoder.layer.20.attention.self.value.weight,delta,1.5756032909238333
2.0,6548,base_model.model.roberta.encoder.layer.20.attention.self.value.weight,effective,108.41153403046611
2.0,6548,base_model.model.roberta.encoder.layer.20.attention.output.dense.weight,base,15.783675262019102
2.0,6548,base_model.model.roberta.encoder.layer.20.attention.output.dense.weight,delta,1.0473663953119297
2.0,6548,base_model.model.roberta.encoder.layer.20.attention.output.dense.weight,effective,15.78561350627835
2.0,6548,base_model.model.roberta.encoder.layer.20.intermediate.dense.weight,base,24.95680646951418
2.0,6548,base_model.model.roberta.encoder.layer.20.intermediate.dense.weight,delta,1.0029215700508252
2.0,6548,base_model.model.roberta.encoder.layer.20.intermediate.dense.weight,effective,24.953831694275635
2.0,6548,base_model.model.roberta.encoder.layer.20.output.dense.weight,base,18.867906855073496
2.0,6548,base_model.model.roberta.encoder.layer.20.output.dense.weight,delta,1.2388952874844057
2.0,6548,base_model.model.roberta.encoder.layer.20.output.dense.weight,effective,18.867258361018624
2.0,6548,base_model.model.roberta.encoder.layer.21.attention.self.query.weight,base,49.271407326276666
2.0,6548,base_model.model.roberta.encoder.layer.21.attention.self.query.weight,delta,1.0003746173941277
2.0,6548,base_model.model.roberta.encoder.layer.21.attention.self.query.weight,effective,49.30317791621291
2.0,6548,base_model.model.roberta.encoder.layer.21.attention.self.key.weight,base,57.11420031170095
2.0,6548,base_model.model.roberta.encoder.layer.21.attention.self.key.weight,delta,1.0152509458577428
2.0,6548,base_model.model.roberta.encoder.layer.21.attention.self.key.weight,effective,57.16432719530079
2.0,6548,base_model.model.roberta.encoder.layer.21.attention.self.value.weight,base,88.20789990778927
2.0,6548,base_model.model.roberta.encoder.layer.21.attention.self.value.weight,delta,1.0460622178033332
2.0,6548,base_model.model.roberta.encoder.layer.21.attention.self.value.weight,effective,88.23843774576532
2.0,6548,base_model.model.roberta.encoder.layer.21.attention.output.dense.weight,base,17.47041927386182
2.0,6548,base_model.model.roberta.encoder.layer.21.attention.output.dense.weight,delta,1.0570554497376217
2.0,6548,base_model.model.roberta.encoder.layer.21.attention.output.dense.weight,effective,17.47513741080506
2.0,6548,base_model.model.roberta.encoder.layer.21.intermediate.dense.weight,base,23.56764144333285
2.0,6548,base_model.model.roberta.encoder.layer.21.intermediate.dense.weight,delta,1.006133462247954
2.0,6548,base_model.model.roberta.encoder.layer.21.intermediate.dense.weight,effective,23.56380859393152
2.0,6548,base_model.model.roberta.encoder.layer.21.output.dense.weight,base,18.248913160750156
2.0,6548,base_model.model.roberta.encoder.layer.21.output.dense.weight,delta,1.0114260953920164
2.0,6548,base_model.model.roberta.encoder.layer.21.output.dense.weight,effective,18.248701960694632
2.0,6548,base_model.model.roberta.encoder.layer.22.attention.self.query.weight,base,36.14561126745775
2.0,6548,base_model.model.roberta.encoder.layer.22.attention.self.query.weight,delta,1.0040168063788921
2.0,6548,base_model.model.roberta.encoder.layer.22.attention.self.query.weight,effective,36.15557999304561
2.0,6548,base_model.model.roberta.encoder.layer.22.attention.self.key.weight,base,40.92040908934638
2.0,6548,base_model.model.roberta.encoder.layer.22.attention.self.key.weight,delta,1.8875258259070125
2.0,6548,base_model.model.roberta.encoder.layer.22.attention.self.key.weight,effective,40.92590236151154
2.0,6548,base_model.model.roberta.encoder.layer.22.attention.self.value.weight,base,82.81308503859607
2.0,6548,base_model.model.roberta.encoder.layer.22.attention.self.value.weight,delta,1.6064956930548826
2.0,6548,base_model.model.roberta.encoder.layer.22.attention.self.value.weight,effective,82.76790055192379
2.0,6548,base_model.model.roberta.encoder.layer.22.attention.output.dense.weight,base,13.58594952450877
2.0,6548,base_model.model.roberta.encoder.layer.22.attention.output.dense.weight,delta,1.0831044825360712
2.0,6548,base_model.model.roberta.encoder.layer.22.attention.output.dense.weight,effective,13.58971273421907
2.0,6548,base_model.model.roberta.encoder.layer.22.intermediate.dense.weight,base,24.910133626088907
2.0,6548,base_model.model.roberta.encoder.layer.22.intermediate.dense.weight,delta,1.0157281268939817
2.0,6548,base_model.model.roberta.encoder.layer.22.intermediate.dense.weight,effective,24.878670215896214
2.0,6548,base_model.model.roberta.encoder.layer.22.output.dense.weight,base,25.045894912432924
2.0,6548,base_model.model.roberta.encoder.layer.22.output.dense.weight,delta,1.0411322184010432
2.0,6548,base_model.model.roberta.encoder.layer.22.output.dense.weight,effective,25.05011215164575
2.0,6548,base_model.model.roberta.encoder.layer.23.attention.self.query.weight,base,37.62998506488351
2.0,6548,base_model.model.roberta.encoder.layer.23.attention.self.query.weight,delta,1.0008531585509166
2.0,6548,base_model.model.roberta.encoder.layer.23.attention.self.query.weight,effective,37.660666738140876
2.0,6548,base_model.model.roberta.encoder.layer.23.attention.self.key.weight,base,44.522602587031
2.0,6548,base_model.model.roberta.encoder.layer.23.attention.self.key.weight,delta,1.081928676363165
2.0,6548,base_model.model.roberta.encoder.layer.23.attention.self.key.weight,effective,44.32696127226883
2.0,6548,base_model.model.roberta.encoder.layer.23.attention.self.value.weight,base,140.48234274667016
2.0,6548,base_model.model.roberta.encoder.layer.23.attention.self.value.weight,delta,1.0494034709368543
2.0,6548,base_model.model.roberta.encoder.layer.23.attention.self.value.weight,effective,140.2828061810812
2.0,6548,base_model.model.roberta.encoder.layer.23.attention.output.dense.weight,base,26.479698821973777
2.0,6548,base_model.model.roberta.encoder.layer.23.attention.output.dense.weight,delta,1.1011571162181553
2.0,6548,base_model.model.roberta.encoder.layer.23.attention.output.dense.weight,effective,26.48415122983737
2.0,6548,base_model.model.roberta.encoder.layer.23.intermediate.dense.weight,base,27.593546720529336
2.0,6548,base_model.model.roberta.encoder.layer.23.intermediate.dense.weight,delta,1.1739681435602896
2.0,6548,base_model.model.roberta.encoder.layer.23.intermediate.dense.weight,effective,27.60738221909925
2.0,6548,base_model.model.roberta.encoder.layer.23.output.dense.weight,base,16.276755463995432
2.0,6548,base_model.model.roberta.encoder.layer.23.output.dense.weight,delta,1.2248137806615373
2.0,6548,base_model.model.roberta.encoder.layer.23.output.dense.weight,effective,16.277087508258937
2.0,6548,base_model.model.classifier.original_module.dense.weight,base,259.4320181596651
2.0,6548,base_model.model.classifier.original_module.out_proj.weight,base,2.024922826154574
2.0,6548,base_model.model.classifier.modules_to_save.default.dense.weight,base,56.078315966587745
2.0,6548,base_model.model.classifier.modules_to_save.default.out_proj.weight,base,1.5888415008795689
3.0,9822,base_model.model.roberta.embeddings.word_embeddings.weight,base,2.8762521464546524
3.0,9822,base_model.model.roberta.embeddings.position_embeddings.weight,base,1.794806501817938
3.0,9822,base_model.model.roberta.embeddings.token_type_embeddings.weight,base,0.0
3.0,9822,base_model.model.roberta.encoder.layer.0.attention.self.query.weight,base,65.16850243294316
3.0,9822,base_model.model.roberta.encoder.layer.0.attention.self.query.weight,delta,1.7199856090775234
3.0,9822,base_model.model.roberta.encoder.layer.0.attention.self.query.weight,effective,65.18373489683863
3.0,9822,base_model.model.roberta.encoder.layer.0.attention.self.key.weight,base,130.91481538106177
3.0,9822,base_model.model.roberta.encoder.layer.0.attention.self.key.weight,delta,2.3488801471483782
3.0,9822,base_model.model.roberta.encoder.layer.0.attention.self.key.weight,effective,130.9067723630195
3.0,9822,base_model.model.roberta.encoder.layer.0.attention.self.value.weight,base,88.31941014198881
3.0,9822,base_model.model.roberta.encoder.layer.0.attention.self.value.weight,delta,1.0511473207063602
3.0,9822,base_model.model.roberta.encoder.layer.0.attention.self.value.weight,effective,88.30660140479606
3.0,9822,base_model.model.roberta.encoder.layer.0.attention.output.dense.weight,base,5.915947919238045
3.0,9822,base_model.model.roberta.encoder.layer.0.attention.output.dense.weight,delta,1.0945907882914891
3.0,9822,base_model.model.roberta.encoder.layer.0.attention.output.dense.weight,effective,5.91594267684658
3.0,9822,base_model.model.roberta.encoder.layer.0.intermediate.dense.weight,base,7.211772906074545
3.0,9822,base_model.model.roberta.encoder.layer.0.intermediate.dense.weight,delta,1.005486606397815
3.0,9822,base_model.model.roberta.encoder.layer.0.intermediate.dense.weight,effective,7.210325713877878
3.0,9822,base_model.model.roberta.encoder.layer.0.output.dense.weight,base,45.444507184256565
3.0,9822,base_model.model.roberta.encoder.layer.0.output.dense.weight,delta,1.1001463714893476
3.0,9822,base_model.model.roberta.encoder.layer.0.output.dense.weight,effective,45.45695649707515
3.0,9822,base_model.model.roberta.encoder.layer.1.attention.self.query.weight,base,49.83982559284896
3.0,9822,base_model.model.roberta.encoder.layer.1.attention.self.query.weight,delta,1.1780411026580286
3.0,9822,base_model.model.roberta.encoder.layer.1.attention.self.query.weight,effective,49.842065658390574
3.0,9822,base_model.model.roberta.encoder.layer.1.attention.self.key.weight,base,36.683594715722144
3.0,9822,base_model.model.roberta.encoder.layer.1.attention.self.key.weight,delta,1.8619653443430246
3.0,9822,base_model.model.roberta.encoder.layer.1.attention.self.key.weight,effective,36.66435882780267
3.0,9822,base_model.model.roberta.encoder.layer.1.attention.self.value.weight,base,100.83349896198295
3.0,9822,base_model.model.roberta.encoder.layer.1.attention.self.value.weight,delta,1.0951586858233
3.0,9822,base_model.model.roberta.encoder.layer.1.attention.self.value.weight,effective,100.83781700797464
3.0,9822,base_model.model.roberta.encoder.layer.1.attention.output.dense.weight,base,14.804032969892802
3.0,9822,base_model.model.roberta.encoder.layer.1.attention.output.dense.weight,delta,1.24233945677068
3.0,9822,base_model.model.roberta.encoder.layer.1.attention.output.dense.weight,effective,14.805189905361003
3.0,9822,base_model.model.roberta.encoder.layer.1.intermediate.dense.weight,base,10.80473028402092
3.0,9822,base_model.model.roberta.encoder.layer.1.intermediate.dense.weight,delta,1.0037128274045486
3.0,9822,base_model.model.roberta.encoder.layer.1.intermediate.dense.weight,effective,10.80930342008703
3.0,9822,base_model.model.roberta.encoder.layer.1.output.dense.weight,base,29.953815799001653
3.0,9822,base_model.model.roberta.encoder.layer.1.output.dense.weight,delta,1.213754438731804
3.0,9822,base_model.model.roberta.encoder.layer.1.output.dense.weight,effective,29.953904102030688
3.0,9822,base_model.model.roberta.encoder.layer.2.attention.self.query.weight,base,49.94102365282341
3.0,9822,base_model.model.roberta.encoder.layer.2.attention.self.query.weight,delta,1.0986889089006988
3.0,9822,base_model.model.roberta.encoder.layer.2.attention.self.query.weight,effective,49.857229784759866
3.0,9822,base_model.model.roberta.encoder.layer.2.attention.self.key.weight,base,56.246165221169115
3.0,9822,base_model.model.roberta.encoder.layer.2.attention.self.key.weight,delta,1.5528649119260398
3.0,9822,base_model.model.roberta.encoder.layer.2.attention.self.key.weight,effective,56.24900757451586
3.0,9822,base_model.model.roberta.encoder.layer.2.attention.self.value.weight,base,53.35955946695758
3.0,9822,base_model.model.roberta.encoder.layer.2.attention.self.value.weight,delta,1.0119774440120974
3.0,9822,base_model.model.roberta.encoder.layer.2.attention.self.value.weight,effective,53.37491995285979
3.0,9822,base_model.model.roberta.encoder.layer.2.attention.output.dense.weight,base,14.211729843144505
3.0,9822,base_model.model.roberta.encoder.layer.2.attention.output.dense.weight,delta,1.3200002799554877
3.0,9822,base_model.model.roberta.encoder.layer.2.attention.output.dense.weight,effective,14.217777728108443
3.0,9822,base_model.model.roberta.encoder.layer.2.intermediate.dense.weight,base,14.171262905121031
3.0,9822,base_model.model.roberta.encoder.layer.2.intermediate.dense.weight,delta,1.0093895025613102
3.0,9822,base_model.model.roberta.encoder.layer.2.intermediate.dense.weight,effective,14.162358154031448
3.0,9822,base_model.model.roberta.encoder.layer.2.output.dense.weight,base,27.617960006342027
3.0,9822,base_model.model.roberta.encoder.layer.2.output.dense.weight,delta,1.3934300990839312
3.0,9822,base_model.model.roberta.encoder.layer.2.output.dense.weight,effective,27.617904805578778
3.0,9822,base_model.model.roberta.encoder.layer.3.attention.self.query.weight,base,40.38710324398324
3.0,9822,base_model.model.roberta.encoder.layer.3.attention.self.query.weight,delta,1.0806021645936468
3.0,9822,base_model.model.roberta.encoder.layer.3.attention.self.query.weight,effective,40.38223421370905
3.0,9822,base_model.model.roberta.encoder.layer.3.attention.self.key.weight,base,52.78959322892153
3.0,9822,base_model.model.roberta.encoder.layer.3.attention.self.key.weight,delta,1.7287886332336322
3.0,9822,base_model.model.roberta.encoder.layer.3.attention.self.key.weight,effective,52.789211231091706
3.0,9822,base_model.model.roberta.encoder.layer.3.attention.self.value.weight,base,85.08426624756609
3.0,9822,base_model.model.roberta.encoder.layer.3.attention.self.value.weight,delta,1.7456534845320726
3.0,9822,base_model.model.roberta.encoder.layer.3.attention.self.value.weight,effective,85.08751726221642
3.0,9822,base_model.model.roberta.encoder.layer.3.attention.output.dense.weight,base,21.91678510152632
3.0,9822,base_model.model.roberta.encoder.layer.3.attention.output.dense.weight,delta,1.0740331240292917
3.0,9822,base_model.model.roberta.encoder.layer.3.attention.output.dense.weight,effective,21.908621579533477
3.0,9822,base_model.model.roberta.encoder.layer.3.intermediate.dense.weight,base,20.110905845538312
3.0,9822,base_model.model.roberta.encoder.layer.3.intermediate.dense.weight,delta,1.0032665670912848
3.0,9822,base_model.model.roberta.encoder.layer.3.intermediate.dense.weight,effective,20.08062371824253
3.0,9822,base_model.model.roberta.encoder.layer.3.output.dense.weight,base,25.971211357979648
3.0,9822,base_model.model.roberta.encoder.layer.3.output.dense.weight,delta,1.1113105673178998
3.0,9822,base_model.model.roberta.encoder.layer.3.output.dense.weight,effective,25.970029828918666
3.0,9822,base_model.model.roberta.encoder.layer.4.attention.self.query.weight,base,16.316341559015992
3.0,9822,base_model.model.roberta.encoder.layer.4.attention.self.query.weight,delta,1.3331291111259673
3.0,9822,base_model.model.roberta.encoder.layer.4.attention.self.query.weight,effective,16.31894734640112
3.0,9822,base_model.model.roberta.encoder.layer.4.attention.self.key.weight,base,61.19224054984023
3.0,9822,base_model.model.roberta.encoder.layer.4.attention.self.key.weight,delta,1.0489224525164678
3.0,9822,base_model.model.roberta.encoder.layer.4.attention.self.key.weight,effective,61.32035501518555
3.0,9822,base_model.model.roberta.encoder.layer.4.attention.self.value.weight,base,105.4275948284823
3.0,9822,base_model.model.roberta.encoder.layer.4.attention.self.value.weight,delta,1.0820989219973685
3.0,9822,base_model.model.roberta.encoder.layer.4.attention.self.value.weight,effective,105.39409384620022
3.0,9822,base_model.model.roberta.encoder.layer.4.attention.output.dense.weight,base,20.803518310365877
3.0,9822,base_model.model.roberta.encoder.layer.4.attention.output.dense.weight,delta,1.3172908514930972
3.0,9822,base_model.model.roberta.encoder.layer.4.attention.output.dense.weight,effective,20.80540282449905
3.0,9822,base_model.model.roberta.encoder.layer.4.intermediate.dense.weight,base,20.02480060993551
3.0,9822,base_model.model.roberta.encoder.layer.4.intermediate.dense.weight,delta,1.0054109115947014
3.0,9822,base_model.model.roberta.encoder.layer.4.intermediate.dense.weight,effective,20.023022697239238
3.0,9822,base_model.model.roberta.encoder.layer.4.output.dense.weight,base,29.728196317360545
3.0,9822,base_model.model.roberta.encoder.layer.4.output.dense.weight,delta,1.0213376372817156
3.0,9822,base_model.model.roberta.encoder.layer.4.output.dense.weight,effective,29.73184637927884
3.0,9822,base_model.model.roberta.encoder.layer.5.attention.self.query.weight,base,11.762495176171988
3.0,9822,base_model.model.roberta.encoder.layer.5.attention.self.query.weight,delta,1.0279459132476176
3.0,9822,base_model.model.roberta.encoder.layer.5.attention.self.query.weight,effective,11.755610682035158
3.0,9822,base_model.model.roberta.encoder.layer.5.attention.self.key.weight,base,61.699005373669515
3.0,9822,base_model.model.roberta.encoder.layer.5.attention.self.key.weight,delta,1.0596163156446274
3.0,9822,base_model.model.roberta.encoder.layer.5.attention.self.key.weight,effective,61.85139617749547
3.0,9822,base_model.model.roberta.encoder.layer.5.attention.self.value.weight,base,99.56625816874656
3.0,9822,base_model.model.roberta.encoder.layer.5.attention.self.value.weight,delta,1.0240966288247533
3.0,9822,base_model.model.roberta.encoder.layer.5.attention.self.value.weight,effective,99.57185834417893
3.0,9822,base_model.model.roberta.encoder.layer.5.attention.output.dense.weight,base,26.298959057905314
3.0,9822,base_model.model.roberta.encoder.layer.5.attention.output.dense.weight,delta,1.267460613230287
3.0,9822,base_model.model.roberta.encoder.layer.5.attention.output.dense.weight,effective,26.307326063646318
3.0,9822,base_model.model.roberta.encoder.layer.5.intermediate.dense.weight,base,20.785218764453894
3.0,9822,base_model.model.roberta.encoder.layer.5.intermediate.dense.weight,delta,1.0025276405342078
3.0,9822,base_model.model.roberta.encoder.layer.5.intermediate.dense.weight,effective,20.792344360740522
3.0,9822,base_model.model.roberta.encoder.layer.5.output.dense.weight,base,35.247083242875256
3.0,9822,base_model.model.roberta.encoder.layer.5.output.dense.weight,delta,1.0914701975597763
3.0,9822,base_model.model.roberta.encoder.layer.5.output.dense.weight,effective,35.2520414724415
3.0,9822,base_model.model.roberta.encoder.layer.6.attention.self.query.weight,base,14.075301678596741
3.0,9822,base_model.model.roberta.encoder.layer.6.attention.self.query.weight,delta,1.2576674595597348
3.0,9822,base_model.model.roberta.encoder.layer.6.attention.self.query.weight,effective,14.070934752371214
3.0,9822,base_model.model.roberta.encoder.layer.6.attention.self.key.weight,base,66.43951114473974
3.0,9822,base_model.model.roberta.encoder.layer.6.attention.self.key.weight,delta,1.1391477684788454
3.0,9822,base_model.model.roberta.encoder.layer.6.attention.self.key.weight,effective,66.46349349861285
3.0,9822,base_model.model.roberta.encoder.layer.6.attention.self.value.weight,base,90.24191649634543
3.0,9822,base_model.model.roberta.encoder.layer.6.attention.self.value.weight,delta,1.0588307545851574
3.0,9822,base_model.model.roberta.encoder.layer.6.attention.self.value.weight,effective,90.24118202707169
3.0,9822,base_model.model.roberta.encoder.layer.6.attention.output.dense.weight,base,29.94873534068194
3.0,9822,base_model.model.roberta.encoder.layer.6.attention.output.dense.weight,delta,1.5757252011275387
3.0,9822,base_model.model.roberta.encoder.layer.6.attention.output.dense.weight,effective,29.953890231791178
3.0,9822,base_model.model.roberta.encoder.layer.6.intermediate.dense.weight,base,22.03994696544542
3.0,9822,base_model.model.roberta.encoder.layer.6.intermediate.dense.weight,delta,1.0018705120947933
3.0,9822,base_model.model.roberta.encoder.layer.6.intermediate.dense.weight,effective,22.009742809010586
3.0,9822,base_model.model.roberta.encoder.layer.6.output.dense.weight,base,32.14799086383212
3.0,9822,base_model.model.roberta.encoder.layer.6.output.dense.weight,delta,1.0104847987243686
3.0,9822,base_model.model.roberta.encoder.layer.6.output.dense.weight,effective,32.15893770752135
3.0,9822,base_model.model.roberta.encoder.layer.7.attention.self.query.weight,base,14.658838567416794
3.0,9822,base_model.model.roberta.encoder.layer.7.attention.self.query.weight,delta,1.031885530038645
3.0,9822,base_model.model.roberta.encoder.layer.7.attention.self.query.weight,effective,14.665423534311982
3.0,9822,base_model.model.roberta.encoder.layer.7.attention.self.key.weight,base,70.99344042385209
3.0,9822,base_model.model.roberta.encoder.layer.7.attention.self.key.weight,delta,1.3422792854593597
3.0,9822,base_model.model.roberta.encoder.layer.7.attention.self.key.weight,effective,70.98021673779257
3.0,9822,base_model.model.roberta.encoder.layer.7.attention.self.value.weight,base,77.89752183447247
3.0,9822,base_model.model.roberta.encoder.layer.7.attention.self.value.weight,delta,1.118762977454725
3.0,9822,base_model.model.roberta.encoder.layer.7.attention.self.value.weight,effective,77.9407313374048
3.0,9822,base_model.model.roberta.encoder.layer.7.attention.output.dense.weight,base,26.25258171912584
3.0,9822,base_model.model.roberta.encoder.layer.7.attention.output.dense.weight,delta,1.4943119092460524
3.0,9822,base_model.model.roberta.encoder.layer.7.attention.output.dense.weight,effective,26.248738564039837
3.0,9822,base_model.model.roberta.encoder.layer.7.intermediate.dense.weight,base,21.184176643360725
3.0,9822,base_model.model.roberta.encoder.layer.7.intermediate.dense.weight,delta,1.001270415380745
3.0,9822,base_model.model.roberta.encoder.layer.7.intermediate.dense.weight,effective,21.149077422694237
3.0,9822,base_model.model.roberta.encoder.layer.7.output.dense.weight,base,30.771296447145282
3.0,9822,base_model.model.roberta.encoder.layer.7.output.dense.weight,delta,1.009157097931357
3.0,9822,base_model.model.roberta.encoder.layer.7.output.dense.weight,effective,30.776757009497327
3.0,9822,base_model.model.roberta.encoder.layer.8.attention.self.query.weight,base,19.554995123435056
3.0,9822,base_model.model.roberta.encoder.layer.8.attention.self.query.weight,delta,1.012226481949952
3.0,9822,base_model.model.roberta.encoder.layer.8.attention.self.query.weight,effective,19.554046811441992
3.0,9822,base_model.model.roberta.encoder.layer.8.attention.self.key.weight,base,72.46252770643032
3.0,9822,base_model.model.roberta.encoder.layer.8.attention.self.key.weight,delta,1.474257601933385
3.0,9822,base_model.model.roberta.encoder.layer.8.attention.self.key.weight,effective,72.44523402839867
3.0,9822,base_model.model.roberta.encoder.layer.8.attention.self.value.weight,base,68.24090761427492
3.0,9822,base_model.model.roberta.encoder.layer.8.attention.self.value.weight,delta,1.127647994473544
3.0,9822,base_model.model.roberta.encoder.layer.8.attention.self.value.weight,effective,68.24348597675564
3.0,9822,base_model.model.roberta.encoder.layer.8.attention.output.dense.weight,base,25.215026114384766
3.0,9822,base_model.model.roberta.encoder.layer.8.attention.output.dense.weight,delta,1.0800348541978746
3.0,9822,base_model.model.roberta.encoder.layer.8.attention.output.dense.weight,effective,25.217841056169686
3.0,9822,base_model.model.roberta.encoder.layer.8.intermediate.dense.weight,base,22.94873607984339
3.0,9822,base_model.model.roberta.encoder.layer.8.intermediate.dense.weight,delta,1.0019998531324383
3.0,9822,base_model.model.roberta.encoder.layer.8.intermediate.dense.weight,effective,22.953824644044875
3.0,9822,base_model.model.roberta.encoder.layer.8.output.dense.weight,base,33.20090685709213
3.0,9822,base_model.model.roberta.encoder.layer.8.output.dense.weight,delta,1.0077689841925945
3.0,9822,base_model.model.roberta.encoder.layer.8.output.dense.weight,effective,33.21283813343983
3.0,9822,base_model.model.roberta.encoder.layer.9.attention.self.query.weight,base,14.074112128999012
3.0,9822,base_model.model.roberta.encoder.layer.9.attention.self.query.weight,delta,1.0142190694460251
3.0,9822,base_model.model.roberta.encoder.layer.9.attention.self.query.weight,effective,14.075959618958695
3.0,9822,base_model.model.roberta.encoder.layer.9.attention.self.key.weight,base,82.21456241058715
3.0,9822,base_model.model.roberta.encoder.layer.9.attention.self.key.weight,delta,1.7000044337657094
3.0,9822,base_model.model.roberta.encoder.layer.9.attention.self.key.weight,effective,82.31844792807995
3.0,9822,base_model.model.roberta.encoder.layer.9.attention.self.value.weight,base,94.15371923486272
3.0,9822,base_model.model.roberta.encoder.layer.9.attention.self.value.weight,delta,1.0294082336619517
3.0,9822,base_model.model.roberta.encoder.layer.9.attention.self.value.weight,effective,94.14206191680009
3.0,9822,base_model.model.roberta.encoder.layer.9.attention.output.dense.weight,base,27.16329966608273
3.0,9822,base_model.model.roberta.encoder.layer.9.attention.output.dense.weight,delta,1.1722901556463425
3.0,9822,base_model.model.roberta.encoder.layer.9.attention.output.dense.weight,effective,27.166077151659273
3.0,9822,base_model.model.roberta.encoder.layer.9.intermediate.dense.weight,base,22.8722040849843
3.0,9822,base_model.model.roberta.encoder.layer.9.intermediate.dense.weight,delta,1.001844179818365
3.0,9822,base_model.model.roberta.encoder.layer.9.intermediate.dense.weight,effective,22.855247873614935
3.0,9822,base_model.model.roberta.encoder.layer.9.output.dense.weight,base,31.291706379686776
3.0,9822,base_model.model.roberta.encoder.layer.9.output.dense.weight,delta,1.0191930815225245
3.0,9822,base_model.model.roberta.encoder.layer.9.output.dense.weight,effective,31.30469554236568
3.0,9822,base_model.model.roberta.encoder.layer.10.attention.self.query.weight,base,43.93787210542925
3.0,9822,base_model.model.roberta.encoder.layer.10.attention.self.query.weight,delta,1.0261562317296968
3.0,9822,base_model.model.roberta.encoder.layer.10.attention.self.query.weight,effective,43.91810199629221
3.0,9822,base_model.model.roberta.encoder.layer.10.attention.self.key.weight,base,84.34775663528752
3.0,9822,base_model.model.roberta.encoder.layer.10.attention.self.key.weight,delta,1.106469024935501
3.0,9822,base_model.model.roberta.encoder.layer.10.attention.self.key.weight,effective,84.22067813870126
3.0,9822,base_model.model.roberta.encoder.layer.10.attention.self.value.weight,base,95.82444154352557
3.0,9822,base_model.model.roberta.encoder.layer.10.attention.self.value.weight,delta,1.0448070327543724
3.0,9822,base_model.model.roberta.encoder.layer.10.attention.self.value.weight,effective,95.89544240717412
3.0,9822,base_model.model.roberta.encoder.layer.10.attention.output.dense.weight,base,25.41130698429029
3.0,9822,base_model.model.roberta.encoder.layer.10.attention.output.dense.weight,delta,2.0794947849047714
3.0,9822,base_model.model.roberta.encoder.layer.10.attention.output.dense.weight,effective,25.411067807732135
3.0,9822,base_model.model.roberta.encoder.layer.10.intermediate.dense.weight,base,23.61416247632014
3.0,9822,base_model.model.roberta.encoder.layer.10.intermediate.dense.weight,delta,1.001799235989836
3.0,9822,base_model.model.roberta.encoder.layer.10.intermediate.dense.weight,effective,23.57497978218443
3.0,9822,base_model.model.roberta.encoder.layer.10.output.dense.weight,base,28.482765434223122
3.0,9822,base_model.model.roberta.encoder.layer.10.output.dense.weight,delta,1.0616683883556906
3.0,9822,base_model.model.roberta.encoder.layer.10.output.dense.weight,effective,28.482268336473524
3.0,9822,base_model.model.roberta.encoder.layer.11.attention.self.query.weight,base,42.711296516148266
3.0,9822,base_model.model.roberta.encoder.layer.11.attention.self.query.weight,delta,1.0190203585246436
3.0,9822,base_model.model.roberta.encoder.layer.11.attention.self.query.weight,effective,42.712930763238134
3.0,9822,base_model.model.roberta.encoder.layer.11.attention.self.key.weight,base,89.36574388593367
3.0,9822,base_model.model.roberta.encoder.layer.11.attention.self.key.weight,delta,2.2215795087905406
3.0,9822,base_model.model.roberta.encoder.layer.11.attention.self.key.weight,effective,89.28954667365848
3.0,9822,base_model.model.roberta.encoder.layer.11.attention.self.value.weight,base,91.12228329898201
3.0,9822,base_model.model.roberta.encoder.layer.11.attention.self.value.weight,delta,1.186684016624772
3.0,9822,base_model.model.roberta.encoder.layer.11.attention.self.value.weight,effective,91.09837113868593
3.0,9822,base_model.model.roberta.encoder.layer.11.attention.output.dense.weight,base,23.711106828708598
3.0,9822,base_model.model.roberta.encoder.layer.11.attention.output.dense.weight,delta,1.7519464086787437
3.0,9822,base_model.model.roberta.encoder.layer.11.attention.output.dense.weight,effective,23.69723482393823
3.0,9822,base_model.model.roberta.encoder.layer.11.intermediate.dense.weight,base,23.921582739751972
3.0,9822,base_model.model.roberta.encoder.layer.11.intermediate.dense.weight,delta,1.0223247111600566
3.0,9822,base_model.model.roberta.encoder.layer.11.intermediate.dense.weight,effective,23.894942570214877
3.0,9822,base_model.model.roberta.encoder.layer.11.output.dense.weight,base,32.25425665985377
3.0,9822,base_model.model.roberta.encoder.layer.11.output.dense.weight,delta,1.0116967931508087
3.0,9822,base_model.model.roberta.encoder.layer.11.output.dense.weight,effective,32.26192326986529
3.0,9822,base_model.model.roberta.encoder.layer.12.attention.self.query.weight,base,19.80133963517949
3.0,9822,base_model.model.roberta.encoder.layer.12.attention.self.query.weight,delta,1.0087663586963054
3.0,9822,base_model.model.roberta.encoder.layer.12.attention.self.query.weight,effective,19.810430802797356
3.0,9822,base_model.model.roberta.encoder.layer.12.attention.self.key.weight,base,59.51423417589006
3.0,9822,base_model.model.roberta.encoder.layer.12.attention.self.key.weight,delta,1.1836849641761757
3.0,9822,base_model.model.roberta.encoder.layer.12.attention.self.key.weight,effective,59.46683711246265
3.0,9822,base_model.model.roberta.encoder.layer.12.attention.self.value.weight,base,104.55182735098823
3.0,9822,base_model.model.roberta.encoder.layer.12.attention.self.value.weight,delta,1.0637517580805476
3.0,9822,base_model.model.roberta.encoder.layer.12.attention.self.value.weight,effective,104.5510309635365
3.0,9822,base_model.model.roberta.encoder.layer.12.attention.output.dense.weight,base,31.68961963951198
3.0,9822,base_model.model.roberta.encoder.layer.12.attention.output.dense.weight,delta,1.703078514999069
3.0,9822,base_model.model.roberta.encoder.layer.12.attention.output.dense.weight,effective,31.695779473190044
3.0,9822,base_model.model.roberta.encoder.layer.12.intermediate.dense.weight,base,23.306472149343517
3.0,9822,base_model.model.roberta.encoder.layer.12.intermediate.dense.weight,delta,1.0018014557207435
3.0,9822,base_model.model.roberta.encoder.layer.12.intermediate.dense.weight,effective,23.261666309624694
3.0,9822,base_model.model.roberta.encoder.layer.12.output.dense.weight,base,33.73366981573814
3.0,9822,base_model.model.roberta.encoder.layer.12.output.dense.weight,delta,1.0095725233308834
3.0,9822,base_model.model.roberta.encoder.layer.12.output.dense.weight,effective,33.737120946002854
3.0,9822,base_model.model.roberta.encoder.layer.13.attention.self.query.weight,base,19.42719294240054
3.0,9822,base_model.model.roberta.encoder.layer.13.attention.self.query.weight,delta,1.0050463122436324
3.0,9822,base_model.model.roberta.encoder.layer.13.attention.self.query.weight,effective,19.4288878262904
3.0,9822,base_model.model.roberta.encoder.layer.13.attention.self.key.weight,base,89.34542298597442
3.0,9822,base_model.model.roberta.encoder.layer.13.attention.self.key.weight,delta,1.18567814432838
3.0,9822,base_model.model.roberta.encoder.layer.13.attention.self.key.weight,effective,89.3696899241117
3.0,9822,base_model.model.roberta.encoder.layer.13.attention.self.value.weight,base,103.98533663905238
3.0,9822,base_model.model.roberta.encoder.layer.13.attention.self.value.weight,delta,1.1849491277677375
3.0,9822,base_model.model.roberta.encoder.layer.13.attention.self.value.weight,effective,103.9555357692854
3.0,9822,base_model.model.roberta.encoder.layer.13.attention.output.dense.weight,base,31.930869183442315
3.0,9822,base_model.model.roberta.encoder.layer.13.attention.output.dense.weight,delta,1.0546939260669865
3.0,9822,base_model.model.roberta.encoder.layer.13.attention.output.dense.weight,effective,31.934568431316883
3.0,9822,base_model.model.roberta.encoder.layer.13.intermediate.dense.weight,base,21.4924861033959
3.0,9822,base_model.model.roberta.encoder.layer.13.intermediate.dense.weight,delta,1.0015179831949004
3.0,9822,base_model.model.roberta.encoder.layer.13.intermediate.dense.weight,effective,21.431934145200014
3.0,9822,base_model.model.roberta.encoder.layer.13.output.dense.weight,base,38.45666001020537
3.0,9822,base_model.model.roberta.encoder.layer.13.output.dense.weight,delta,1.0045843159089098
3.0,9822,base_model.model.roberta.encoder.layer.13.output.dense.weight,effective,38.459088707047826
3.0,9822,base_model.model.roberta.encoder.layer.14.attention.self.query.weight,base,14.950092836443968
3.0,9822,base_model.model.roberta.encoder.layer.14.attention.self.query.weight,delta,1.0174269735399677
3.0,9822,base_model.model.roberta.encoder.layer.14.attention.self.query.weight,effective,14.938138772866631
3.0,9822,base_model.model.roberta.encoder.layer.14.attention.self.key.weight,base,69.63970689456136
3.0,9822,base_model.model.roberta.encoder.layer.14.attention.self.key.weight,delta,1.8830078501737821
3.0,9822,base_model.model.roberta.encoder.layer.14.attention.self.key.weight,effective,69.62469964068237
3.0,9822,base_model.model.roberta.encoder.layer.14.attention.self.value.weight,base,105.91215913275136
3.0,9822,base_model.model.roberta.encoder.layer.14.attention.self.value.weight,delta,1.1015154640473224
3.0,9822,base_model.model.roberta.encoder.layer.14.attention.self.value.weight,effective,105.96706327834178
3.0,9822,base_model.model.roberta.encoder.layer.14.attention.output.dense.weight,base,34.19242653847588
3.0,9822,base_model.model.roberta.encoder.layer.14.attention.output.dense.weight,delta,1.40202557325934
3.0,9822,base_model.model.roberta.encoder.layer.14.attention.output.dense.weight,effective,34.19343232242501
3.0,9822,base_model.model.roberta.encoder.layer.14.intermediate.dense.weight,base,20.798387110600416
3.0,9822,base_model.model.roberta.encoder.layer.14.intermediate.dense.weight,delta,1.0069549215964
3.0,9822,base_model.model.roberta.encoder.layer.14.intermediate.dense.weight,effective,20.771358779741863
3.0,9822,base_model.model.roberta.encoder.layer.14.output.dense.weight,base,20.652845573172012
3.0,9822,base_model.model.roberta.encoder.layer.14.output.dense.weight,delta,1.0026860064850667
3.0,9822,base_model.model.roberta.encoder.layer.14.output.dense.weight,effective,20.65377023446334
3.0,9822,base_model.model.roberta.encoder.layer.15.attention.self.query.weight,base,31.91981094559281
3.0,9822,base_model.model.roberta.encoder.layer.15.attention.self.query.weight,delta,1.0053709255852918
3.0,9822,base_model.model.roberta.encoder.layer.15.attention.self.query.weight,effective,31.91764169691377
3.0,9822,base_model.model.roberta.encoder.layer.15.attention.self.key.weight,base,79.51391215956669
3.0,9822,base_model.model.roberta.encoder.layer.15.attention.self.key.weight,delta,1.3606196344036885
3.0,9822,base_model.model.roberta.encoder.layer.15.attention.self.key.weight,effective,79.52034265563906
3.0,9822,base_model.model.roberta.encoder.layer.15.attention.self.value.weight,base,104.47581356199453
3.0,9822,base_model.model.roberta.encoder.layer.15.attention.self.value.weight,delta,1.1217890601328016
3.0,9822,base_model.model.roberta.encoder.layer.15.attention.self.value.weight,effective,104.4841486661203
3.0,9822,base_model.model.roberta.encoder.layer.15.attention.output.dense.weight,base,15.276684828215696
3.0,9822,base_model.model.roberta.encoder.layer.15.attention.output.dense.weight,delta,1.2575927059164098
3.0,9822,base_model.model.roberta.encoder.layer.15.attention.output.dense.weight,effective,15.280130644219533
3.0,9822,base_model.model.roberta.encoder.layer.15.intermediate.dense.weight,base,25.351985666495665
3.0,9822,base_model.model.roberta.encoder.layer.15.intermediate.dense.weight,delta,1.0073854037959737
3.0,9822,base_model.model.roberta.encoder.layer.15.intermediate.dense.weight,effective,25.34097898703199
3.0,9822,base_model.model.roberta.encoder.layer.15.output.dense.weight,base,18.276873411306507
3.0,9822,base_model.model.roberta.encoder.layer.15.output.dense.weight,delta,1.0174360529077087
3.0,9822,base_model.model.roberta.encoder.layer.15.output.dense.weight,effective,18.27952832754312
3.0,9822,base_model.model.roberta.encoder.layer.16.attention.self.query.weight,base,78.90741647514638
3.0,9822,base_model.model.roberta.encoder.layer.16.attention.self.query.weight,delta,1.0087738318686599
3.0,9822,base_model.model.roberta.encoder.layer.16.attention.self.query.weight,effective,78.95019232081764
3.0,9822,base_model.model.roberta.encoder.layer.16.attention.self.key.weight,base,87.61963184012855
3.0,9822,base_model.model.roberta.encoder.layer.16.attention.self.key.weight,delta,1.6167615340496078
3.0,9822,base_model.model.roberta.encoder.layer.16.attention.self.key.weight,effective,87.66826150239383
3.0,9822,base_model.model.roberta.encoder.layer.16.attention.self.value.weight,base,97.07574430485145
3.0,9822,base_model.model.roberta.encoder.layer.16.attention.self.value.weight,delta,1.1299778611514424
3.0,9822,base_model.model.roberta.encoder.layer.16.attention.self.value.weight,effective,97.075633893884
3.0,9822,base_model.model.roberta.encoder.layer.16.attention.output.dense.weight,base,14.660626448700963
3.0,9822,base_model.model.roberta.encoder.layer.16.attention.output.dense.weight,delta,1.0864404324027692
3.0,9822,base_model.model.roberta.encoder.layer.16.attention.output.dense.weight,effective,14.66756178130137
3.0,9822,base_model.model.roberta.encoder.layer.16.intermediate.dense.weight,base,31.375570204423624
3.0,9822,base_model.model.roberta.encoder.layer.16.intermediate.dense.weight,delta,1.000566619766131
3.0,9822,base_model.model.roberta.encoder.layer.16.intermediate.dense.weight,effective,31.312864106474397
3.0,9822,base_model.model.roberta.encoder.layer.16.output.dense.weight,base,17.030436723646925
3.0,9822,base_model.model.roberta.encoder.layer.16.output.dense.weight,delta,1.005441745382532
3.0,9822,base_model.model.roberta.encoder.layer.16.output.dense.weight,effective,17.03881332803776
3.0,9822,base_model.model.roberta.encoder.layer.17.attention.self.query.weight,base,70.1967671110762
3.0,9822,base_model.model.roberta.encoder.layer.17.attention.self.query.weight,delta,1.0005232687455696
3.0,9822,base_model.model.roberta.encoder.layer.17.attention.self.query.weight,effective,70.13953782899564
3.0,9822,base_model.model.roberta.encoder.layer.17.attention.self.key.weight,base,76.19706060450874
3.0,9822,base_model.model.roberta.encoder.layer.17.attention.self.key.weight,delta,1.7813122461526942
3.0,9822,base_model.model.roberta.encoder.layer.17.attention.self.key.weight,effective,76.13093594777887
3.0,9822,base_model.model.roberta.encoder.layer.17.attention.self.value.weight,base,118.53882569591501
3.0,9822,base_model.model.roberta.encoder.layer.17.attention.self.value.weight,delta,1.113502560484657
3.0,9822,base_model.model.roberta.encoder.layer.17.attention.self.value.weight,effective,118.62932611972685
3.0,9822,base_model.model.roberta.encoder.layer.17.attention.output.dense.weight,base,19.10130545413139
3.0,9822,base_model.model.roberta.encoder.layer.17.attention.output.dense.weight,delta,1.0621715624213388
3.0,9822,base_model.model.roberta.encoder.layer.17.attention.output.dense.weight,effective,19.112219176985867
3.0,9822,base_model.model.roberta.encoder.layer.17.intermediate.dense.weight,base,33.29412874555674
3.0,9822,base_model.model.roberta.encoder.layer.17.intermediate.dense.weight,delta,1.001432843508981
3.0,9822,base_model.model.roberta.encoder.layer.17.intermediate.dense.weight,effective,33.187900382273746
3.0,9822,base_model.model.roberta.encoder.layer.17.output.dense.weight,base,22.110656474802994
3.0,9822,base_model.model.roberta.encoder.layer.17.output.dense.weight,delta,1.004177910835232
3.0,9822,base_model.model.roberta.encoder.layer.17.output.dense.weight,effective,22.111657308381375
3.0,9822,base_model.model.roberta.encoder.layer.18.attention.self.query.weight,base,73.4326767419924
3.0,9822,base_model.model.roberta.encoder.layer.18.attention.self.query.weight,delta,1.0008742202259928
3.0,9822,base_model.model.roberta.encoder.layer.18.attention.self.query.weight,effective,73.43487794898166
3.0,9822,base_model.model.roberta.encoder.layer.18.attention.self.key.weight,base,80.37733857175729
3.0,9822,base_model.model.roberta.encoder.layer.18.attention.self.key.weight,delta,1.3885027686047617
3.0,9822,base_model.model.roberta.encoder.layer.18.attention.self.key.weight,effective,80.42863865605577
3.0,9822,base_model.model.roberta.encoder.layer.18.attention.self.value.weight,base,113.07689369586087
3.0,9822,base_model.model.roberta.encoder.layer.18.attention.self.value.weight,delta,1.045646492834184
3.0,9822,base_model.model.roberta.encoder.layer.18.attention.self.value.weight,effective,113.09672530479367
3.0,9822,base_model.model.roberta.encoder.layer.18.attention.output.dense.weight,base,18.028766680307434
3.0,9822,base_model.model.roberta.encoder.layer.18.attention.output.dense.weight,delta,1.0669931138010476
3.0,9822,base_model.model.roberta.encoder.layer.18.attention.output.dense.weight,effective,18.04967556179839
3.0,9822,base_model.model.roberta.encoder.layer.18.intermediate.dense.weight,base,32.6844872681259
3.0,9822,base_model.model.roberta.encoder.layer.18.intermediate.dense.weight,delta,1.0006095634136014
3.0,9822,base_model.model.roberta.encoder.layer.18.intermediate.dense.weight,effective,32.582302225480205
3.0,9822,base_model.model.roberta.encoder.layer.18.output.dense.weight,base,21.433488387626884
3.0,9822,base_model.model.roberta.encoder.layer.18.output.dense.weight,delta,1.0008511140342422
3.0,9822,base_model.model.roberta.encoder.layer.18.output.dense.weight,effective,21.434575261603896
3.0,9822,base_model.model.roberta.encoder.layer.19.attention.self.query.weight,base,92.59084682443176
3.0,9822,base_model.model.roberta.encoder.layer.19.attention.self.query.weight,delta,1.0002600909024726
3.0,9822,base_model.model.roberta.encoder.layer.19.attention.self.query.weight,effective,92.61947885796745
3.0,9822,base_model.model.roberta.encoder.layer.19.attention.self.key.weight,base,70.02834221049284
3.0,9822,base_model.model.roberta.encoder.layer.19.attention.self.key.weight,delta,1.0744756356844398
3.0,9822,base_model.model.roberta.encoder.layer.19.attention.self.key.weight,effective,69.93813050986101
3.0,9822,base_model.model.roberta.encoder.layer.19.attention.self.value.weight,base,156.64708687234096
3.0,9822,base_model.model.roberta.encoder.layer.19.attention.self.value.weight,delta,1.3362517427821183
3.0,9822,base_model.model.roberta.encoder.layer.19.attention.self.value.weight,effective,156.79665826989668
3.0,9822,base_model.model.roberta.encoder.layer.19.attention.output.dense.weight,base,17.494144024820685
3.0,9822,base_model.model.roberta.encoder.layer.19.attention.output.dense.weight,delta,1.031327382372983
3.0,9822,base_model.model.roberta.encoder.layer.19.attention.output.dense.weight,effective,17.50124232699367
3.0,9822,base_model.model.roberta.encoder.layer.19.intermediate.dense.weight,base,28.92210384099705
3.0,9822,base_model.model.roberta.encoder.layer.19.intermediate.dense.weight,delta,1.002530694613664
3.0,9822,base_model.model.roberta.encoder.layer.19.intermediate.dense.weight,effective,28.846378208416457
3.0,9822,base_model.model.roberta.encoder.layer.19.output.dense.weight,base,19.716475538939285
3.0,9822,base_model.model.roberta.encoder.layer.19.output.dense.weight,delta,1.0097477368087717
3.0,9822,base_model.model.roberta.encoder.layer.19.output.dense.weight,effective,19.718051177571915
3.0,9822,base_model.model.roberta.encoder.layer.20.attention.self.query.weight,base,77.2070215501793
3.0,9822,base_model.model.roberta.encoder.layer.20.attention.self.query.weight,delta,1.0011964528602346
3.0,9822,base_model.model.roberta.encoder.layer.20.attention.self.query.weight,effective,77.19814103371938
3.0,9822,base_model.model.roberta.encoder.layer.20.attention.self.key.weight,base,54.8302367686625
3.0,9822,base_model.model.roberta.encoder.layer.20.attention.self.key.weight,delta,1.1327814579997364
3.0,9822,base_model.model.roberta.encoder.layer.20.attention.self.key.weight,effective,54.847121280849244
3.0,9822,base_model.model.roberta.encoder.layer.20.attention.self.value.weight,base,108.43384596250647
3.0,9822,base_model.model.roberta.encoder.layer.20.attention.self.value.weight,delta,1.5481001162913584
3.0,9822,base_model.model.roberta.encoder.layer.20.attention.self.value.weight,effective,108.4005404354367
3.0,9822,base_model.model.roberta.encoder.layer.20.attention.output.dense.weight,base,15.783675262019102
3.0,9822,base_model.model.roberta.encoder.layer.20.attention.output.dense.weight,delta,1.053213593267899
3.0,9822,base_model.model.roberta.encoder.layer.20.attention.output.dense.weight,effective,15.785309196676703
3.0,9822,base_model.model.roberta.encoder.layer.20.intermediate.dense.weight,base,24.95680646951418
3.0,9822,base_model.model.roberta.encoder.layer.20.intermediate.dense.weight,delta,1.0025568871990655
3.0,9822,base_model.model.roberta.encoder.layer.20.intermediate.dense.weight,effective,24.94813247745661
3.0,9822,base_model.model.roberta.encoder.layer.20.output.dense.weight,base,18.867906855073496
3.0,9822,base_model.model.roberta.encoder.layer.20.output.dense.weight,delta,1.187908642746844
3.0,9822,base_model.model.roberta.encoder.layer.20.output.dense.weight,effective,18.86854390960398
3.0,9822,base_model.model.roberta.encoder.layer.21.attention.self.query.weight,base,49.271407326276666
3.0,9822,base_model.model.roberta.encoder.layer.21.attention.self.query.weight,delta,1.000266953573457
3.0,9822,base_model.model.roberta.encoder.layer.21.attention.self.query.weight,effective,49.30879703586221
3.0,9822,base_model.model.roberta.encoder.layer.21.attention.self.key.weight,base,57.11420031170095
3.0,9822,base_model.model.roberta.encoder.layer.21.attention.self.key.weight,delta,1.0125362283802006
3.0,9822,base_model.model.roberta.encoder.layer.21.attention.self.key.weight,effective,57.191783602107236
3.0,9822,base_model.model.roberta.encoder.layer.21.attention.self.value.weight,base,88.20789990778927
3.0,9822,base_model.model.roberta.encoder.layer.21.attention.self.value.weight,delta,1.050119359869293
3.0,9822,base_model.model.roberta.encoder.layer.21.attention.self.value.weight,effective,88.2415436987361
3.0,9822,base_model.model.roberta.encoder.layer.21.attention.output.dense.weight,base,17.47041927386182
3.0,9822,base_model.model.roberta.encoder.layer.21.attention.output.dense.weight,delta,1.0529349731176483
3.0,9822,base_model.model.roberta.encoder.layer.21.attention.output.dense.weight,effective,17.47527972615473
3.0,9822,base_model.model.roberta.encoder.layer.21.intermediate.dense.weight,base,23.56764144333285
3.0,9822,base_model.model.roberta.encoder.layer.21.intermediate.dense.weight,delta,1.0051722012919373
3.0,9822,base_model.model.roberta.encoder.layer.21.intermediate.dense.weight,effective,23.56597499755617
3.0,9822,base_model.model.roberta.encoder.layer.21.output.dense.weight,base,18.248913160750156
3.0,9822,base_model.model.roberta.encoder.layer.21.output.dense.weight,delta,1.0173478388536232
3.0,9822,base_model.model.roberta.encoder.layer.21.output.dense.weight,effective,18.249590816213956
3.0,9822,base_model.model.roberta.encoder.layer.22.attention.self.query.weight,base,36.14561126745775
3.0,9822,base_model.model.roberta.encoder.layer.22.attention.self.query.weight,delta,1.0030736286354391
3.0,9822,base_model.model.roberta.encoder.layer.22.attention.self.query.weight,effective,36.16333538565322
3.0,9822,base_model.model.roberta.encoder.layer.22.attention.self.key.weight,base,40.92040908934638
3.0,9822,base_model.model.roberta.encoder.layer.22.attention.self.key.weight,delta,1.8675173041544268
3.0,9822,base_model.model.roberta.encoder.layer.22.attention.self.key.weight,effective,40.94333953558115
3.0,9822,base_model.model.roberta.encoder.layer.22.attention.self.value.weight,base,82.81308503859607
3.0,9822,base_model.model.roberta.encoder.layer.22.attention.self.value.weight,delta,1.7139182497673255
3.0,9822,base_model.model.roberta.encoder.layer.22.attention.self.value.weight,effective,82.76681060724361
3.0,9822,base_model.model.roberta.encoder.layer.22.attention.output.dense.weight,base,13.58594952450877
3.0,9822,base_model.model.roberta.encoder.layer.22.attention.output.dense.weight,delta,1.0850830767743003
3.0,9822,base_model.model.roberta.encoder.layer.22.attention.output.dense.weight,effective,13.590495536713233
3.0,9822,base_model.model.roberta.encoder.layer.22.intermediate.dense.weight,base,24.910133626088907
3.0,9822,base_model.model.roberta.encoder.layer.22.intermediate.dense.weight,delta,1.0106775866070923
3.0,9822,base_model.model.roberta.encoder.layer.22.intermediate.dense.weight,effective,24.87215812598051
3.0,9822,base_model.model.roberta.encoder.layer.22.output.dense.weight,base,25.045894912432924
3.0,9822,base_model.model.roberta.encoder.layer.22.output.dense.weight,delta,1.0402485304832998
3.0,9822,base_model.model.roberta.encoder.layer.22.output.dense.weight,effective,25.05371985663952
3.0,9822,base_model.model.roberta.encoder.layer.23.attention.self.query.weight,base,37.62998506488351
3.0,9822,base_model.model.roberta.encoder.layer.23.attention.self.query.weight,delta,1.000571557220286
3.0,9822,base_model.model.roberta.encoder.layer.23.attention.self.query.weight,effective,37.667216094224806
3.0,9822,base_model.model.roberta.encoder.layer.23.attention.self.key.weight,base,44.522602587031
3.0,9822,base_model.model.roberta.encoder.layer.23.attention.self.key.weight,delta,1.0527983024422725
3.0,9822,base_model.model.roberta.encoder.layer.23.attention.self.key.weight,effective,44.32682734695854
3.0,9822,base_model.model.roberta.encoder.layer.23.attention.self.value.weight,base,140.48234274667016
3.0,9822,base_model.model.roberta.encoder.layer.23.attention.self.value.weight,delta,1.049998936860651
3.0,9822,base_model.model.roberta.encoder.layer.23.attention.self.value.weight,effective,140.21844903412384
3.0,9822,base_model.model.roberta.encoder.layer.23.attention.output.dense.weight,base,26.479698821973777
3.0,9822,base_model.model.roberta.encoder.layer.23.attention.output.dense.weight,delta,1.1002721269487556
3.0,9822,base_model.model.roberta.encoder.layer.23.attention.output.dense.weight,effective,26.484302080281317
3.0,9822,base_model.model.roberta.encoder.layer.23.intermediate.dense.weight,base,27.593546720529336
3.0,9822,base_model.model.roberta.encoder.layer.23.intermediate.dense.weight,delta,1.1626623084350458
3.0,9822,base_model.model.roberta.encoder.layer.23.intermediate.dense.weight,effective,27.62497775868699
3.0,9822,base_model.model.roberta.encoder.layer.23.output.dense.weight,base,16.276755463995432
3.0,9822,base_model.model.roberta.encoder.layer.23.output.dense.weight,delta,1.2369431039856364
3.0,9822,base_model.model.roberta.encoder.layer.23.output.dense.weight,effective,16.277149670270205
3.0,9822,base_model.model.classifier.original_module.dense.weight,base,259.4320181596651
3.0,9822,base_model.model.classifier.original_module.out_proj.weight,base,2.024922826154574
3.0,9822,base_model.model.classifier.modules_to_save.default.dense.weight,base,45.23071680522617
3.0,9822,base_model.model.classifier.modules_to_save.default.out_proj.weight,base,1.5294394184776754
4.0,13096,base_model.model.roberta.embeddings.word_embeddings.weight,base,2.8762521464546524
4.0,13096,base_model.model.roberta.embeddings.position_embeddings.weight,base,1.794806501817938
4.0,13096,base_model.model.roberta.embeddings.token_type_embeddings.weight,base,0.0
4.0,13096,base_model.model.roberta.encoder.layer.0.attention.self.query.weight,base,65.16850243294316
4.0,13096,base_model.model.roberta.encoder.layer.0.attention.self.query.weight,delta,1.6904925164991325
4.0,13096,base_model.model.roberta.encoder.layer.0.attention.self.query.weight,effective,65.19176605134008
4.0,13096,base_model.model.roberta.encoder.layer.0.attention.self.key.weight,base,130.91481538106177
4.0,13096,base_model.model.roberta.encoder.layer.0.attention.self.key.weight,delta,2.3485281024565507
4.0,13096,base_model.model.roberta.encoder.layer.0.attention.self.key.weight,effective,130.87785419646977
4.0,13096,base_model.model.roberta.encoder.layer.0.attention.self.value.weight,base,88.31941014198881
4.0,13096,base_model.model.roberta.encoder.layer.0.attention.self.value.weight,delta,1.0524299784380535
4.0,13096,base_model.model.roberta.encoder.layer.0.attention.self.value.weight,effective,88.30352402885123
4.0,13096,base_model.model.roberta.encoder.layer.0.attention.output.dense.weight,base,5.915947919238045
4.0,13096,base_model.model.roberta.encoder.layer.0.attention.output.dense.weight,delta,1.0994546483324692
4.0,13096,base_model.model.roberta.encoder.layer.0.attention.output.dense.weight,effective,5.915986045422587
4.0,13096,base_model.model.roberta.encoder.layer.0.intermediate.dense.weight,base,7.211772906074545
4.0,13096,base_model.model.roberta.encoder.layer.0.intermediate.dense.weight,delta,1.004194950705444
4.0,13096,base_model.model.roberta.encoder.layer.0.intermediate.dense.weight,effective,7.209273435844069
4.0,13096,base_model.model.roberta.encoder.layer.0.output.dense.weight,base,45.444507184256565
4.0,13096,base_model.model.roberta.encoder.layer.0.output.dense.weight,delta,1.1018702070874633
4.0,13096,base_model.model.roberta.encoder.layer.0.output.dense.weight,effective,45.45516536845802
4.0,13096,base_model.model.roberta.encoder.layer.1.attention.self.query.weight,base,49.83982559284896
4.0,13096,base_model.model.roberta.encoder.layer.1.attention.self.query.weight,delta,1.1893474038409444
4.0,13096,base_model.model.roberta.encoder.layer.1.attention.self.query.weight,effective,49.84474899275185
4.0,13096,base_model.model.roberta.encoder.layer.1.attention.self.key.weight,base,36.683594715722144
4.0,13096,base_model.model.roberta.encoder.layer.1.attention.self.key.weight,delta,1.8540038195536535
4.0,13096,base_model.model.roberta.encoder.layer.1.attention.self.key.weight,effective,36.66121749132887
4.0,13096,base_model.model.roberta.encoder.layer.1.attention.self.value.weight,base,100.83349896198295
4.0,13096,base_model.model.roberta.encoder.layer.1.attention.self.value.weight,delta,1.089968691932841
4.0,13096,base_model.model.roberta.encoder.layer.1.attention.self.value.weight,effective,100.83052389002177
4.0,13096,base_model.model.roberta.encoder.layer.1.attention.output.dense.weight,base,14.804032969892802
4.0,13096,base_model.model.roberta.encoder.layer.1.attention.output.dense.weight,delta,1.2875066677320106
4.0,13096,base_model.model.roberta.encoder.layer.1.attention.output.dense.weight,effective,14.804572279471985
4.0,13096,base_model.model.roberta.encoder.layer.1.intermediate.dense.weight,base,10.80473028402092
4.0,13096,base_model.model.roberta.encoder.layer.1.intermediate.dense.weight,delta,1.0029609919566906
4.0,13096,base_model.model.roberta.encoder.layer.1.intermediate.dense.weight,effective,10.811107136404786
4.0,13096,base_model.model.roberta.encoder.layer.1.output.dense.weight,base,29.953815799001653
4.0,13096,base_model.model.roberta.encoder.layer.1.output.dense.weight,delta,1.2094295190140558
4.0,13096,base_model.model.roberta.encoder.layer.1.output.dense.weight,effective,29.953925422141747
4.0,13096,base_model.model.roberta.encoder.layer.2.attention.self.query.weight,base,49.94102365282341
4.0,13096,base_model.model.roberta.encoder.layer.2.attention.self.query.weight,delta,1.087067380242426
4.0,13096,base_model.model.roberta.encoder.layer.2.attention.self.query.weight,effective,49.8356194960626
4.0,13096,base_model.model.roberta.encoder.layer.2.attention.self.key.weight,base,56.246165221169115
4.0,13096,base_model.model.roberta.encoder.layer.2.attention.self.key.weight,delta,1.5125149354447855
4.0,13096,base_model.model.roberta.encoder.layer.2.attention.self.key.weight,effective,56.24187345738213
4.0,13096,base_model.model.roberta.encoder.layer.2.attention.self.value.weight,base,53.35955946695758
4.0,13096,base_model.model.roberta.encoder.layer.2.attention.self.value.weight,delta,1.0132007542482928
4.0,13096,base_model.model.roberta.encoder.layer.2.attention.self.value.weight,effective,53.37613393039165
4.0,13096,base_model.model.roberta.encoder.layer.2.attention.output.dense.weight,base,14.211729843144505
4.0,13096,base_model.model.roberta.encoder.layer.2.attention.output.dense.weight,delta,1.3515023945576223
4.0,13096,base_model.model.roberta.encoder.layer.2.attention.output.dense.weight,effective,14.21831551053177
4.0,13096,base_model.model.roberta.encoder.layer.2.intermediate.dense.weight,base,14.171262905121031
4.0,13096,base_model.model.roberta.encoder.layer.2.intermediate.dense.weight,delta,1.007904460781216
4.0,13096,base_model.model.roberta.encoder.layer.2.intermediate.dense.weight,effective,14.156556438979496
4.0,13096,base_model.model.roberta.encoder.layer.2.output.dense.weight,base,27.617960006342027
4.0,13096,base_model.model.roberta.encoder.layer.2.output.dense.weight,delta,1.4016911848800888
4.0,13096,base_model.model.roberta.encoder.layer.2.output.dense.weight,effective,27.617894649966363
4.0,13096,base_model.model.roberta.encoder.layer.3.attention.self.query.weight,base,40.38710324398324
4.0,13096,base_model.model.roberta.encoder.layer.3.attention.self.query.weight,delta,1.0739420346634487
4.0,13096,base_model.model.roberta.encoder.layer.3.attention.self.query.weight,effective,40.37968789719643
4.0,13096,base_model.model.roberta.encoder.layer.3.attention.self.key.weight,base,52.78959322892153
4.0,13096,base_model.model.roberta.encoder.layer.3.attention.self.key.weight,delta,1.7526329619077532
4.0,13096,base_model.model.roberta.encoder.layer.3.attention.self.key.weight,effective,52.788698759409854
4.0,13096,base_model.model.roberta.encoder.layer.3.attention.self.value.weight,base,85.08426624756609
4.0,13096,base_model.model.roberta.encoder.layer.3.attention.self.value.weight,delta,1.7559233378000743
4.0,13096,base_model.model.roberta.encoder.layer.3.attention.self.value.weight,effective,85.08743068039179
4.0,13096,base_model.model.roberta.encoder.layer.3.attention.output.dense.weight,base,21.91678510152632
4.0,13096,base_model.model.roberta.encoder.layer.3.attention.output.dense.weight,delta,1.077993320422234
4.0,13096,base_model.model.roberta.encoder.layer.3.attention.output.dense.weight,effective,21.909220909265752
4.0,13096,base_model.model.roberta.encoder.layer.3.intermediate.dense.weight,base,20.110905845538312
4.0,13096,base_model.model.roberta.encoder.layer.3.intermediate.dense.weight,delta,1.0028108349474374
4.0,13096,base_model.model.roberta.encoder.layer.3.intermediate.dense.weight,effective,20.074897873565437
4.0,13096,base_model.model.roberta.encoder.layer.3.output.dense.weight,base,25.971211357979648
4.0,13096,base_model.model.roberta.encoder.layer.3.output.dense.weight,delta,1.101496552306612
4.0,13096,base_model.model.roberta.encoder.layer.3.output.dense.weight,effective,25.970259812410504
4.0,13096,base_model.model.roberta.encoder.layer.4.attention.self.query.weight,base,16.316341559015992
4.0,13096,base_model.model.roberta.encoder.layer.4.attention.self.query.weight,delta,1.3238214807791955
4.0,13096,base_model.model.roberta.encoder.layer.4.attention.self.query.weight,effective,16.318929071380676
4.0,13096,base_model.model.roberta.encoder.layer.4.attention.self.key.weight,base,61.19224054984023
4.0,13096,base_model.model.roberta.encoder.layer.4.attention.self.key.weight,delta,1.0534081289785338
4.0,13096,base_model.model.roberta.encoder.layer.4.attention.self.key.weight,effective,61.31837327587345
4.0,13096,base_model.model.roberta.encoder.layer.4.attention.self.value.weight,base,105.4275948284823
4.0,13096,base_model.model.roberta.encoder.layer.4.attention.self.value.weight,delta,1.0878492597482625
4.0,13096,base_model.model.roberta.encoder.layer.4.attention.self.value.weight,effective,105.36574007670511
4.0,13096,base_model.model.roberta.encoder.layer.4.attention.output.dense.weight,base,20.803518310365877
4.0,13096,base_model.model.roberta.encoder.layer.4.attention.output.dense.weight,delta,1.3352218137967538
4.0,13096,base_model.model.roberta.encoder.layer.4.attention.output.dense.weight,effective,20.806905355472676
4.0,13096,base_model.model.roberta.encoder.layer.4.intermediate.dense.weight,base,20.02480060993551
4.0,13096,base_model.model.roberta.encoder.layer.4.intermediate.dense.weight,delta,1.004517065593786
4.0,13096,base_model.model.roberta.encoder.layer.4.intermediate.dense.weight,effective,20.021456676032322
4.0,13096,base_model.model.roberta.encoder.layer.4.output.dense.weight,base,29.728196317360545
4.0,13096,base_model.model.roberta.encoder.layer.4.output.dense.weight,delta,1.0254924880483933
4.0,13096,base_model.model.roberta.encoder.layer.4.output.dense.weight,effective,29.732457136361774
4.0,13096,base_model.model.roberta.encoder.layer.5.attention.self.query.weight,base,11.762495176171988
4.0,13096,base_model.model.roberta.encoder.layer.5.attention.self.query.weight,delta,1.0264887380228773
4.0,13096,base_model.model.roberta.encoder.layer.5.attention.self.query.weight,effective,11.75573732388474
4.0,13096,base_model.model.roberta.encoder.layer.5.attention.self.key.weight,base,61.699005373669515
4.0,13096,base_model.model.roberta.encoder.layer.5.attention.self.key.weight,delta,1.054309467966843
4.0,13096,base_model.model.roberta.encoder.layer.5.attention.self.key.weight,effective,61.88379828252824
4.0,13096,base_model.model.roberta.encoder.layer.5.attention.self.value.weight,base,99.56625816874656
4.0,13096,base_model.model.roberta.encoder.layer.5.attention.self.value.weight,delta,1.031342764212213
4.0,13096,base_model.model.roberta.encoder.layer.5.attention.self.value.weight,effective,99.58847505287059
4.0,13096,base_model.model.roberta.encoder.layer.5.attention.output.dense.weight,base,26.298959057905314
4.0,13096,base_model.model.roberta.encoder.layer.5.attention.output.dense.weight,delta,1.262313519677479
4.0,13096,base_model.model.roberta.encoder.layer.5.attention.output.dense.weight,effective,26.309321355550164
4.0,13096,base_model.model.roberta.encoder.layer.5.intermediate.dense.weight,base,20.785218764453894
4.0,13096,base_model.model.roberta.encoder.layer.5.intermediate.dense.weight,delta,1.0020073018273914
4.0,13096,base_model.model.roberta.encoder.layer.5.intermediate.dense.weight,effective,20.787178163609344
4.0,13096,base_model.model.roberta.encoder.layer.5.output.dense.weight,base,35.247083242875256
4.0,13096,base_model.model.roberta.encoder.layer.5.output.dense.weight,delta,1.1022031625172268
4.0,13096,base_model.model.roberta.encoder.layer.5.output.dense.weight,effective,35.25487494244841
4.0,13096,base_model.model.roberta.encoder.layer.6.attention.self.query.weight,base,14.075301678596741
4.0,13096,base_model.model.roberta.encoder.layer.6.attention.self.query.weight,delta,1.2470703833165415
4.0,13096,base_model.model.roberta.encoder.layer.6.attention.self.query.weight,effective,14.069427502190704
4.0,13096,base_model.model.roberta.encoder.layer.6.attention.self.key.weight,base,66.43951114473974
4.0,13096,base_model.model.roberta.encoder.layer.6.attention.self.key.weight,delta,1.1285876169505535
4.0,13096,base_model.model.roberta.encoder.layer.6.attention.self.key.weight,effective,66.47584123274505
4.0,13096,base_model.model.roberta.encoder.layer.6.attention.self.value.weight,base,90.24191649634543
4.0,13096,base_model.model.roberta.encoder.layer.6.attention.self.value.weight,delta,1.0704862641944286
4.0,13096,base_model.model.roberta.encoder.layer.6.attention.self.value.weight,effective,90.24072650380424
4.0,13096,base_model.model.roberta.encoder.layer.6.attention.output.dense.weight,base,29.94873534068194
4.0,13096,base_model.model.roberta.encoder.layer.6.attention.output.dense.weight,delta,1.6247851343863742
4.0,13096,base_model.model.roberta.encoder.layer.6.attention.output.dense.weight,effective,29.954622212686765
4.0,13096,base_model.model.roberta.encoder.layer.6.intermediate.dense.weight,base,22.03994696544542
4.0,13096,base_model.model.roberta.encoder.layer.6.intermediate.dense.weight,delta,1.001672071105794
4.0,13096,base_model.model.roberta.encoder.layer.6.intermediate.dense.weight,effective,22.000322155300104
4.0,13096,base_model.model.roberta.encoder.layer.6.output.dense.weight,base,32.14799086383212
4.0,13096,base_model.model.roberta.encoder.layer.6.output.dense.weight,delta,1.0113496559721629
4.0,13096,base_model.model.roberta.encoder.layer.6.output.dense.weight,effective,32.16060975504026
4.0,13096,base_model.model.roberta.encoder.layer.7.attention.self.query.weight,base,14.658838567416794
4.0,13096,base_model.model.roberta.encoder.layer.7.attention.self.query.weight,delta,1.0296357049671265
4.0,13096,base_model.model.roberta.encoder.layer.7.attention.self.query.weight,effective,14.666148844967466
4.0,13096,base_model.model.roberta.encoder.layer.7.attention.self.key.weight,base,70.99344042385209
4.0,13096,base_model.model.roberta.encoder.layer.7.attention.self.key.weight,delta,1.3195536899062212
4.0,13096,base_model.model.roberta.encoder.layer.7.attention.self.key.weight,effective,70.97934757513303
4.0,13096,base_model.model.roberta.encoder.layer.7.attention.self.value.weight,base,77.89752183447247
4.0,13096,base_model.model.roberta.encoder.layer.7.attention.self.value.weight,delta,1.130849824166766
4.0,13096,base_model.model.roberta.encoder.layer.7.attention.self.value.weight,effective,77.95084594449148
4.0,13096,base_model.model.roberta.encoder.layer.7.attention.output.dense.weight,base,26.25258171912584
4.0,13096,base_model.model.roberta.encoder.layer.7.attention.output.dense.weight,delta,1.5338274127212497
4.0,13096,base_model.model.roberta.encoder.layer.7.attention.output.dense.weight,effective,26.24853904954423
4.0,13096,base_model.model.roberta.encoder.layer.7.intermediate.dense.weight,base,21.184176643360725
4.0,13096,base_model.model.roberta.encoder.layer.7.intermediate.dense.weight,delta,1.001078942244597
4.0,13096,base_model.model.roberta.encoder.layer.7.intermediate.dense.weight,effective,21.135722321859085
4.0,13096,base_model.model.roberta.encoder.layer.7.output.dense.weight,base,30.771296447145282
4.0,13096,base_model.model.roberta.encoder.layer.7.output.dense.weight,delta,1.0105891771734277
4.0,13096,base_model.model.roberta.encoder.layer.7.output.dense.weight,effective,30.778705009482927
4.0,13096,base_model.model.roberta.encoder.layer.8.attention.self.query.weight,base,19.554995123435056
4.0,13096,base_model.model.roberta.encoder.layer.8.attention.self.query.weight,delta,1.0116434919177122
4.0,13096,base_model.model.roberta.encoder.layer.8.attention.self.query.weight,effective,19.554645975651102
4.0,13096,base_model.model.roberta.encoder.layer.8.attention.self.key.weight,base,72.46252770643032
4.0,13096,base_model.model.roberta.encoder.layer.8.attention.self.key.weight,delta,1.4636774282079337
4.0,13096,base_model.model.roberta.encoder.layer.8.attention.self.key.weight,effective,72.44937474048037
4.0,13096,base_model.model.roberta.encoder.layer.8.attention.self.value.weight,base,68.24090761427492
4.0,13096,base_model.model.roberta.encoder.layer.8.attention.self.value.weight,delta,1.1331101753505313
4.0,13096,base_model.model.roberta.encoder.layer.8.attention.self.value.weight,effective,68.24644823524254
4.0,13096,base_model.model.roberta.encoder.layer.8.attention.output.dense.weight,base,25.215026114384766
4.0,13096,base_model.model.roberta.encoder.layer.8.attention.output.dense.weight,delta,1.078434476681047
4.0,13096,base_model.model.roberta.encoder.layer.8.attention.output.dense.weight,effective,25.22066677503989
4.0,13096,base_model.model.roberta.encoder.layer.8.intermediate.dense.weight,base,22.94873607984339
4.0,13096,base_model.model.roberta.encoder.layer.8.intermediate.dense.weight,delta,1.0017588127075951
4.0,13096,base_model.model.roberta.encoder.layer.8.intermediate.dense.weight,effective,22.94776629671939
4.0,13096,base_model.model.roberta.encoder.layer.8.output.dense.weight,base,33.20090685709213
4.0,13096,base_model.model.roberta.encoder.layer.8.output.dense.weight,delta,1.0084547590465784
4.0,13096,base_model.model.roberta.encoder.layer.8.output.dense.weight,effective,33.21230648725072
4.0,13096,base_model.model.roberta.encoder.layer.9.attention.self.query.weight,base,14.074112128999012
4.0,13096,base_model.model.roberta.encoder.layer.9.attention.self.query.weight,delta,1.0124533852641924
4.0,13096,base_model.model.roberta.encoder.layer.9.attention.self.query.weight,effective,14.076729670003603
4.0,13096,base_model.model.roberta.encoder.layer.9.attention.self.key.weight,base,82.21456241058715
4.0,13096,base_model.model.roberta.encoder.layer.9.attention.self.key.weight,delta,1.679823713011629
4.0,13096,base_model.model.roberta.encoder.layer.9.attention.self.key.weight,effective,82.32440877756785
4.0,13096,base_model.model.roberta.encoder.layer.9.attention.self.value.weight,base,94.15371923486272
4.0,13096,base_model.model.roberta.encoder.layer.9.attention.self.value.weight,delta,1.0331021522091388
4.0,13096,base_model.model.roberta.encoder.layer.9.attention.self.value.weight,effective,94.13028265005148
4.0,13096,base_model.model.roberta.encoder.layer.9.attention.output.dense.weight,base,27.16329966608273
4.0,13096,base_model.model.roberta.encoder.layer.9.attention.output.dense.weight,delta,1.1786222964380209
4.0,13096,base_model.model.roberta.encoder.layer.9.attention.output.dense.weight,effective,27.1666897618269
4.0,13096,base_model.model.roberta.encoder.layer.9.intermediate.dense.weight,base,22.8722040849843
4.0,13096,base_model.model.roberta.encoder.layer.9.intermediate.dense.weight,delta,1.001516904367274
4.0,13096,base_model.model.roberta.encoder.layer.9.intermediate.dense.weight,effective,22.85614504446597
4.0,13096,base_model.model.roberta.encoder.layer.9.output.dense.weight,base,31.291706379686776
4.0,13096,base_model.model.roberta.encoder.layer.9.output.dense.weight,delta,1.0173494840062685
4.0,13096,base_model.model.roberta.encoder.layer.9.output.dense.weight,effective,31.306100697618902
4.0,13096,base_model.model.roberta.encoder.layer.10.attention.self.query.weight,base,43.93787210542925
4.0,13096,base_model.model.roberta.encoder.layer.10.attention.self.query.weight,delta,1.025318815825868
4.0,13096,base_model.model.roberta.encoder.layer.10.attention.self.query.weight,effective,43.91987346671626
4.0,13096,base_model.model.roberta.encoder.layer.10.attention.self.key.weight,base,84.34775663528752
4.0,13096,base_model.model.roberta.encoder.layer.10.attention.self.key.weight,delta,1.1182088039573945
4.0,13096,base_model.model.roberta.encoder.layer.10.attention.self.key.weight,effective,84.23566720555476
4.0,13096,base_model.model.roberta.encoder.layer.10.attention.self.value.weight,base,95.82444154352557
4.0,13096,base_model.model.roberta.encoder.layer.10.attention.self.value.weight,delta,1.0530535397414083
4.0,13096,base_model.model.roberta.encoder.layer.10.attention.self.value.weight,effective,95.90825172793988
4.0,13096,base_model.model.roberta.encoder.layer.10.attention.output.dense.weight,base,25.41130698429029
4.0,13096,base_model.model.roberta.encoder.layer.10.attention.output.dense.weight,delta,2.0173560311351055
4.0,13096,base_model.model.roberta.encoder.layer.10.attention.output.dense.weight,effective,25.41286617970883
4.0,13096,base_model.model.roberta.encoder.layer.10.intermediate.dense.weight,base,23.61416247632014
4.0,13096,base_model.model.roberta.encoder.layer.10.intermediate.dense.weight,delta,1.0014901131037837
4.0,13096,base_model.model.roberta.encoder.layer.10.intermediate.dense.weight,effective,23.565664905681466
4.0,13096,base_model.model.roberta.encoder.layer.10.output.dense.weight,base,28.482765434223122
4.0,13096,base_model.model.roberta.encoder.layer.10.output.dense.weight,delta,1.06036266678354
4.0,13096,base_model.model.roberta.encoder.layer.10.output.dense.weight,effective,28.484231367281584
4.0,13096,base_model.model.roberta.encoder.layer.11.attention.self.query.weight,base,42.711296516148266
4.0,13096,base_model.model.roberta.encoder.layer.11.attention.self.query.weight,delta,1.0178293540023156
4.0,13096,base_model.model.roberta.encoder.layer.11.attention.self.query.weight,effective,42.71116423279983
4.0,13096,base_model.model.roberta.encoder.layer.11.attention.self.key.weight,base,89.36574388593367
4.0,13096,base_model.model.roberta.encoder.layer.11.attention.self.key.weight,delta,2.162866988899063
4.0,13096,base_model.model.roberta.encoder.layer.11.attention.self.key.weight,effective,89.27535499314192
4.0,13096,base_model.model.roberta.encoder.layer.11.attention.self.value.weight,base,91.12228329898201
4.0,13096,base_model.model.roberta.encoder.layer.11.attention.self.value.weight,delta,1.1847500203579135
4.0,13096,base_model.model.roberta.encoder.layer.11.attention.self.value.weight,effective,91.08865083087208
4.0,13096,base_model.model.roberta.encoder.layer.11.attention.output.dense.weight,base,23.711106828708598
4.0,13096,base_model.model.roberta.encoder.layer.11.attention.output.dense.weight,delta,1.8160284510847655
4.0,13096,base_model.model.roberta.encoder.layer.11.attention.output.dense.weight,effective,23.70034005554605
4.0,13096,base_model.model.roberta.encoder.layer.11.intermediate.dense.weight,base,23.921582739751972
4.0,13096,base_model.model.roberta.encoder.layer.11.intermediate.dense.weight,delta,1.0219404607492417
4.0,13096,base_model.model.roberta.encoder.layer.11.intermediate.dense.weight,effective,23.886944784605458
4.0,13096,base_model.model.roberta.encoder.layer.11.output.dense.weight,base,32.25425665985377
4.0,13096,base_model.model.roberta.encoder.layer.11.output.dense.weight,delta,1.0117843623197775
4.0,13096,base_model.model.roberta.encoder.layer.11.output.dense.weight,effective,32.263717510572306
4.0,13096,base_model.model.roberta.encoder.layer.12.attention.self.query.weight,base,19.80133963517949
4.0,13096,base_model.model.roberta.encoder.layer.12.attention.self.query.weight,delta,1.0087376722093861
4.0,13096,base_model.model.roberta.encoder.layer.12.attention.self.query.weight,effective,19.811933482200452
4.0,13096,base_model.model.roberta.encoder.layer.12.attention.self.key.weight,base,59.51423417589006
4.0,13096,base_model.model.roberta.encoder.layer.12.attention.self.key.weight,delta,1.1890771084106304
4.0,13096,base_model.model.roberta.encoder.layer.12.attention.self.key.weight,effective,59.463486041125606
4.0,13096,base_model.model.roberta.encoder.layer.12.attention.self.value.weight,base,104.55182735098823
4.0,13096,base_model.model.roberta.encoder.layer.12.attention.self.value.weight,delta,1.0690380115456684
4.0,13096,base_model.model.roberta.encoder.layer.12.attention.self.value.weight,effective,104.55076503525717
4.0,13096,base_model.model.roberta.encoder.layer.12.attention.output.dense.weight,base,31.68961963951198
4.0,13096,base_model.model.roberta.encoder.layer.12.attention.output.dense.weight,delta,1.7141103699393758
4.0,13096,base_model.model.roberta.encoder.layer.12.attention.output.dense.weight,effective,31.699042159238644
4.0,13096,base_model.model.roberta.encoder.layer.12.intermediate.dense.weight,base,23.306472149343517
4.0,13096,base_model.model.roberta.encoder.layer.12.intermediate.dense.weight,delta,1.0016645972114164
4.0,13096,base_model.model.roberta.encoder.layer.12.intermediate.dense.weight,effective,23.260228718799322
4.0,13096,base_model.model.roberta.encoder.layer.12.output.dense.weight,base,33.73366981573814
4.0,13096,base_model.model.roberta.encoder.layer.12.output.dense.weight,delta,1.0084825930634282
4.0,13096,base_model.model.roberta.encoder.layer.12.output.dense.weight,effective,33.73891520815459
4.0,13096,base_model.model.roberta.encoder.layer.13.attention.self.query.weight,base,19.42719294240054
4.0,13096,base_model.model.roberta.encoder.layer.13.attention.self.query.weight,delta,1.004952134543998
4.0,13096,base_model.model.roberta.encoder.layer.13.attention.self.query.weight,effective,19.42735883140112
4.0,13096,base_model.model.roberta.encoder.layer.13.attention.self.key.weight,base,89.34542298597442
4.0,13096,base_model.model.roberta.encoder.layer.13.attention.self.key.weight,delta,1.2035820077446977
4.0,13096,base_model.model.roberta.encoder.layer.13.attention.self.key.weight,effective,89.37919118113871
4.0,13096,base_model.model.roberta.encoder.layer.13.attention.self.value.weight,base,103.98533663905238
4.0,13096,base_model.model.roberta.encoder.layer.13.attention.self.value.weight,delta,1.2021362585118702
4.0,13096,base_model.model.roberta.encoder.layer.13.attention.self.value.weight,effective,103.96311693341858
4.0,13096,base_model.model.roberta.encoder.layer.13.attention.output.dense.weight,base,31.930869183442315
4.0,13096,base_model.model.roberta.encoder.layer.13.attention.output.dense.weight,delta,1.0600168131837966
4.0,13096,base_model.model.roberta.encoder.layer.13.attention.output.dense.weight,effective,31.93615419347655
4.0,13096,base_model.model.roberta.encoder.layer.13.intermediate.dense.weight,base,21.4924861033959
4.0,13096,base_model.model.roberta.encoder.layer.13.intermediate.dense.weight,delta,1.0014075869868369
4.0,13096,base_model.model.roberta.encoder.layer.13.intermediate.dense.weight,effective,21.415631423369007
4.0,13096,base_model.model.roberta.encoder.layer.13.output.dense.weight,base,38.45666001020537
4.0,13096,base_model.model.roberta.encoder.layer.13.output.dense.weight,delta,1.0047990820902324
4.0,13096,base_model.model.roberta.encoder.layer.13.output.dense.weight,effective,38.4599615786742
4.0,13096,base_model.model.roberta.encoder.layer.14.attention.self.query.weight,base,14.950092836443968
4.0,13096,base_model.model.roberta.encoder.layer.14.attention.self.query.weight,delta,1.016155651311836
4.0,13096,base_model.model.roberta.encoder.layer.14.attention.self.query.weight,effective,14.937933462085725
4.0,13096,base_model.model.roberta.encoder.layer.14.attention.self.key.weight,base,69.63970689456136
4.0,13096,base_model.model.roberta.encoder.layer.14.attention.self.key.weight,delta,1.901090167131403
4.0,13096,base_model.model.roberta.encoder.layer.14.attention.self.key.weight,effective,69.62280075215025
4.0,13096,base_model.model.roberta.encoder.layer.14.attention.self.value.weight,base,105.91215913275136
4.0,13096,base_model.model.roberta.encoder.layer.14.attention.self.value.weight,delta,1.1039910620640414
4.0,13096,base_model.model.roberta.encoder.layer.14.attention.self.value.weight,effective,105.98660521092621
4.0,13096,base_model.model.roberta.encoder.layer.14.attention.output.dense.weight,base,34.19242653847588
4.0,13096,base_model.model.roberta.encoder.layer.14.attention.output.dense.weight,delta,1.410103130404982
4.0,13096,base_model.model.roberta.encoder.layer.14.attention.output.dense.weight,effective,34.19368524892931
4.0,13096,base_model.model.roberta.encoder.layer.14.intermediate.dense.weight,base,20.798387110600416
4.0,13096,base_model.model.roberta.encoder.layer.14.intermediate.dense.weight,delta,1.0062254229005876
4.0,13096,base_model.model.roberta.encoder.layer.14.intermediate.dense.weight,effective,20.76165374010471
4.0,13096,base_model.model.roberta.encoder.layer.14.output.dense.weight,base,20.652845573172012
4.0,13096,base_model.model.roberta.encoder.layer.14.output.dense.weight,delta,1.0025786545120647
4.0,13096,base_model.model.roberta.encoder.layer.14.output.dense.weight,effective,20.654382205017388
4.0,13096,base_model.model.roberta.encoder.layer.15.attention.self.query.weight,base,31.91981094559281
4.0,13096,base_model.model.roberta.encoder.layer.15.attention.self.query.weight,delta,1.0050097869785934
4.0,13096,base_model.model.roberta.encoder.layer.15.attention.self.query.weight,effective,31.91736757469966
4.0,13096,base_model.model.roberta.encoder.layer.15.attention.self.key.weight,base,79.51391215956669
4.0,13096,base_model.model.roberta.encoder.layer.15.attention.self.key.weight,delta,1.3489724365485267
4.0,13096,base_model.model.roberta.encoder.layer.15.attention.self.key.weight,effective,79.53203571817794
4.0,13096,base_model.model.roberta.encoder.layer.15.attention.self.value.weight,base,104.47581356199453
4.0,13096,base_model.model.roberta.encoder.layer.15.attention.self.value.weight,delta,1.1357905395722196
4.0,13096,base_model.model.roberta.encoder.layer.15.attention.self.value.weight,effective,104.48487848985863
4.0,13096,base_model.model.roberta.encoder.layer.15.attention.output.dense.weight,base,15.276684828215696
4.0,13096,base_model.model.roberta.encoder.layer.15.attention.output.dense.weight,delta,1.2609295959890363
4.0,13096,base_model.model.roberta.encoder.layer.15.attention.output.dense.weight,effective,15.280568536234412
4.0,13096,base_model.model.roberta.encoder.layer.15.intermediate.dense.weight,base,25.351985666495665
4.0,13096,base_model.model.roberta.encoder.layer.15.intermediate.dense.weight,delta,1.0068147560470562
4.0,13096,base_model.model.roberta.encoder.layer.15.intermediate.dense.weight,effective,25.33950695932982
4.0,13096,base_model.model.roberta.encoder.layer.15.output.dense.weight,base,18.276873411306507
4.0,13096,base_model.model.roberta.encoder.layer.15.output.dense.weight,delta,1.0177973216294136
4.0,13096,base_model.model.roberta.encoder.layer.15.output.dense.weight,effective,18.27945497856302
4.0,13096,base_model.model.roberta.encoder.layer.16.attention.self.query.weight,base,78.90741647514638
4.0,13096,base_model.model.roberta.encoder.layer.16.attention.self.query.weight,delta,1.0089654057258517
4.0,13096,base_model.model.roberta.encoder.layer.16.attention.self.query.weight,effective,78.96699957077698
4.0,13096,base_model.model.roberta.encoder.layer.16.attention.self.key.weight,base,87.61963184012855
4.0,13096,base_model.model.roberta.encoder.layer.16.attention.self.key.weight,delta,1.634422090170402
4.0,13096,base_model.model.roberta.encoder.layer.16.attention.self.key.weight,effective,87.65655137806411
4.0,13096,base_model.model.roberta.encoder.layer.16.attention.self.value.weight,base,97.07574430485145
4.0,13096,base_model.model.roberta.encoder.layer.16.attention.self.value.weight,delta,1.1674771491903042
4.0,13096,base_model.model.roberta.encoder.layer.16.attention.self.value.weight,effective,97.07389016568649
4.0,13096,base_model.model.roberta.encoder.layer.16.attention.output.dense.weight,base,14.660626448700963
4.0,13096,base_model.model.roberta.encoder.layer.16.attention.output.dense.weight,delta,1.0888237986905818
4.0,13096,base_model.model.roberta.encoder.layer.16.attention.output.dense.weight,effective,14.669091974489357
4.0,13096,base_model.model.roberta.encoder.layer.16.intermediate.dense.weight,base,31.375570204423624
4.0,13096,base_model.model.roberta.encoder.layer.16.intermediate.dense.weight,delta,1.00056432036081
4.0,13096,base_model.model.roberta.encoder.layer.16.intermediate.dense.weight,effective,31.31326812305913
4.0,13096,base_model.model.roberta.encoder.layer.16.output.dense.weight,base,17.030436723646925
4.0,13096,base_model.model.roberta.encoder.layer.16.output.dense.weight,delta,1.0075313720749237
4.0,13096,base_model.model.roberta.encoder.layer.16.output.dense.weight,effective,17.040335422535758
4.0,13096,base_model.model.roberta.encoder.layer.17.attention.self.query.weight,base,70.1967671110762
4.0,13096,base_model.model.roberta.encoder.layer.17.attention.self.query.weight,delta,1.000503754459163
4.0,13096,base_model.model.roberta.encoder.layer.17.attention.self.query.weight,effective,70.14545268070694
4.0,13096,base_model.model.roberta.encoder.layer.17.attention.self.key.weight,base,76.19706060450874
4.0,13096,base_model.model.roberta.encoder.layer.17.attention.self.key.weight,delta,1.852837599118062
4.0,13096,base_model.model.roberta.encoder.layer.17.attention.self.key.weight,effective,76.0884629120553
4.0,13096,base_model.model.roberta.encoder.layer.17.attention.self.value.weight,base,118.53882569591501
4.0,13096,base_model.model.roberta.encoder.layer.17.attention.self.value.weight,delta,1.1378220346956474
4.0,13096,base_model.model.roberta.encoder.layer.17.attention.self.value.weight,effective,118.64617768113895
4.0,13096,base_model.model.roberta.encoder.layer.17.attention.output.dense.weight,base,19.10130545413139
4.0,13096,base_model.model.roberta.encoder.layer.17.attention.output.dense.weight,delta,1.064442300442907
4.0,13096,base_model.model.roberta.encoder.layer.17.attention.output.dense.weight,effective,19.113825015053507
4.0,13096,base_model.model.roberta.encoder.layer.17.intermediate.dense.weight,base,33.29412874555674
4.0,13096,base_model.model.roberta.encoder.layer.17.intermediate.dense.weight,delta,1.0013499649394035
4.0,13096,base_model.model.roberta.encoder.layer.17.intermediate.dense.weight,effective,33.1803476032106
4.0,13096,base_model.model.roberta.encoder.layer.17.output.dense.weight,base,22.110656474802994
4.0,13096,base_model.model.roberta.encoder.layer.17.output.dense.weight,delta,1.0043354002784388
4.0,13096,base_model.model.roberta.encoder.layer.17.output.dense.weight,effective,22.110542385529442
4.0,13096,base_model.model.roberta.encoder.layer.18.attention.self.query.weight,base,73.4326767419924
4.0,13096,base_model.model.roberta.encoder.layer.18.attention.self.query.weight,delta,1.0008128625222972
4.0,13096,base_model.model.roberta.encoder.layer.18.attention.self.query.weight,effective,73.44809709193083
4.0,13096,base_model.model.roberta.encoder.layer.18.attention.self.key.weight,base,80.37733857175729
4.0,13096,base_model.model.roberta.encoder.layer.18.attention.self.key.weight,delta,1.3777631555644605
4.0,13096,base_model.model.roberta.encoder.layer.18.attention.self.key.weight,effective,80.43476800875254
4.0,13096,base_model.model.roberta.encoder.layer.18.attention.self.value.weight,base,113.07689369586087
4.0,13096,base_model.model.roberta.encoder.layer.18.attention.self.value.weight,delta,1.0425008501240105
4.0,13096,base_model.model.roberta.encoder.layer.18.attention.self.value.weight,effective,113.10864445750114
4.0,13096,base_model.model.roberta.encoder.layer.18.attention.output.dense.weight,base,18.028766680307434
4.0,13096,base_model.model.roberta.encoder.layer.18.attention.output.dense.weight,delta,1.069004947102384
4.0,13096,base_model.model.roberta.encoder.layer.18.attention.output.dense.weight,effective,18.049360624135502
4.0,13096,base_model.model.roberta.encoder.layer.18.intermediate.dense.weight,base,32.6844872681259
4.0,13096,base_model.model.roberta.encoder.layer.18.intermediate.dense.weight,delta,1.0005877738130053
4.0,13096,base_model.model.roberta.encoder.layer.18.intermediate.dense.weight,effective,32.585803643779016
4.0,13096,base_model.model.roberta.encoder.layer.18.output.dense.weight,base,21.433488387626884
4.0,13096,base_model.model.roberta.encoder.layer.18.output.dense.weight,delta,1.0009470287004194
4.0,13096,base_model.model.roberta.encoder.layer.18.output.dense.weight,effective,21.432976548208384
4.0,13096,base_model.model.roberta.encoder.layer.19.attention.self.query.weight,base,92.59084682443176
4.0,13096,base_model.model.roberta.encoder.layer.19.attention.self.query.weight,delta,1.0002584093365035
4.0,13096,base_model.model.roberta.encoder.layer.19.attention.self.query.weight,effective,92.6394026657979
4.0,13096,base_model.model.roberta.encoder.layer.19.attention.self.key.weight,base,70.02834221049284
4.0,13096,base_model.model.roberta.encoder.layer.19.attention.self.key.weight,delta,1.0702763522040277
4.0,13096,base_model.model.roberta.encoder.layer.19.attention.self.key.weight,effective,69.94490439641729
4.0,13096,base_model.model.roberta.encoder.layer.19.attention.self.value.weight,base,156.64708687234096
4.0,13096,base_model.model.roberta.encoder.layer.19.attention.self.value.weight,delta,1.337712759514935
4.0,13096,base_model.model.roberta.encoder.layer.19.attention.self.value.weight,effective,156.81036423948456
4.0,13096,base_model.model.roberta.encoder.layer.19.attention.output.dense.weight,base,17.494144024820685
4.0,13096,base_model.model.roberta.encoder.layer.19.attention.output.dense.weight,delta,1.0300113126596198
4.0,13096,base_model.model.roberta.encoder.layer.19.attention.output.dense.weight,effective,17.501666052327323
4.0,13096,base_model.model.roberta.encoder.layer.19.intermediate.dense.weight,base,28.92210384099705
4.0,13096,base_model.model.roberta.encoder.layer.19.intermediate.dense.weight,delta,1.0022679168241495
4.0,13096,base_model.model.roberta.encoder.layer.19.intermediate.dense.weight,effective,28.84519368832846
4.0,13096,base_model.model.roberta.encoder.layer.19.output.dense.weight,base,19.716475538939285
4.0,13096,base_model.model.roberta.encoder.layer.19.output.dense.weight,delta,1.0099107957530975
4.0,13096,base_model.model.roberta.encoder.layer.19.output.dense.weight,effective,19.7182153577785
4.0,13096,base_model.model.roberta.encoder.layer.20.attention.self.query.weight,base,77.2070215501793
4.0,13096,base_model.model.roberta.encoder.layer.20.attention.self.query.weight,delta,1.0010899712261314
4.0,13096,base_model.model.roberta.encoder.layer.20.attention.self.query.weight,effective,77.2250896853244
4.0,13096,base_model.model.roberta.encoder.layer.20.attention.self.key.weight,base,54.8302367686625
4.0,13096,base_model.model.roberta.encoder.layer.20.attention.self.key.weight,delta,1.1282994698407092
4.0,13096,base_model.model.roberta.encoder.layer.20.attention.self.key.weight,effective,54.8488888921186
4.0,13096,base_model.model.roberta.encoder.layer.20.attention.self.value.weight,base,108.43384596250647
4.0,13096,base_model.model.roberta.encoder.layer.20.attention.self.value.weight,delta,1.526060697043531
4.0,13096,base_model.model.roberta.encoder.layer.20.attention.self.value.weight,effective,108.39846034661478
4.0,13096,base_model.model.roberta.encoder.layer.20.attention.output.dense.weight,base,15.783675262019102
4.0,13096,base_model.model.roberta.encoder.layer.20.attention.output.dense.weight,delta,1.0485389479390914
4.0,13096,base_model.model.roberta.encoder.layer.20.attention.output.dense.weight,effective,15.785323932171424
4.0,13096,base_model.model.roberta.encoder.layer.20.intermediate.dense.weight,base,24.95680646951418
4.0,13096,base_model.model.roberta.encoder.layer.20.intermediate.dense.weight,delta,1.0021901174929497
4.0,13096,base_model.model.roberta.encoder.layer.20.intermediate.dense.weight,effective,24.944110549041802
4.0,13096,base_model.model.roberta.encoder.layer.20.output.dense.weight,base,18.867906855073496
4.0,13096,base_model.model.roberta.encoder.layer.20.output.dense.weight,delta,1.1630528486677145
4.0,13096,base_model.model.roberta.encoder.layer.20.output.dense.weight,effective,18.867408788011108
4.0,13096,base_model.model.roberta.encoder.layer.21.attention.self.query.weight,base,49.271407326276666
4.0,13096,base_model.model.roberta.encoder.layer.21.attention.self.query.weight,delta,1.0002408042351272
4.0,13096,base_model.model.roberta.encoder.layer.21.attention.self.query.weight,effective,49.3369765288192
4.0,13096,base_model.model.roberta.encoder.layer.21.attention.self.key.weight,base,57.11420031170095
4.0,13096,base_model.model.roberta.encoder.layer.21.attention.self.key.weight,delta,1.0117404518404296
4.0,13096,base_model.model.roberta.encoder.layer.21.attention.self.key.weight,effective,57.203607579387835
4.0,13096,base_model.model.roberta.encoder.layer.21.attention.self.value.weight,base,88.20789990778927
4.0,13096,base_model.model.roberta.encoder.layer.21.attention.self.value.weight,delta,1.0535880355096425
4.0,13096,base_model.model.roberta.encoder.layer.21.attention.self.value.weight,effective,88.2410630289053
4.0,13096,base_model.model.roberta.encoder.layer.21.attention.output.dense.weight,base,17.47041927386182
4.0,13096,base_model.model.roberta.encoder.layer.21.attention.output.dense.weight,delta,1.0499112387961627
4.0,13096,base_model.model.roberta.encoder.layer.21.attention.output.dense.weight,effective,17.476720401009935
4.0,13096,base_model.model.roberta.encoder.layer.21.intermediate.dense.weight,base,23.56764144333285
4.0,13096,base_model.model.roberta.encoder.layer.21.intermediate.dense.weight,delta,1.0046601013795433
4.0,13096,base_model.model.roberta.encoder.layer.21.intermediate.dense.weight,effective,23.567283216403094
4.0,13096,base_model.model.roberta.encoder.layer.21.output.dense.weight,base,18.248913160750156
4.0,13096,base_model.model.roberta.encoder.layer.21.output.dense.weight,delta,1.0164058189683396
4.0,13096,base_model.model.roberta.encoder.layer.21.output.dense.weight,effective,18.250291154738967
4.0,13096,base_model.model.roberta.encoder.layer.22.attention.self.query.weight,base,36.14561126745775
4.0,13096,base_model.model.roberta.encoder.layer.22.attention.self.query.weight,delta,1.002757776135144
4.0,13096,base_model.model.roberta.encoder.layer.22.attention.self.query.weight,effective,36.16633053759595
4.0,13096,base_model.model.roberta.encoder.layer.22.attention.self.key.weight,base,40.92040908934638
4.0,13096,base_model.model.roberta.encoder.layer.22.attention.self.key.weight,delta,1.859479773910322
4.0,13096,base_model.model.roberta.encoder.layer.22.attention.self.key.weight,effective,40.94953911404398
4.0,13096,base_model.model.roberta.encoder.layer.22.attention.self.value.weight,base,82.81308503859607
4.0,13096,base_model.model.roberta.encoder.layer.22.attention.self.value.weight,delta,1.7252925436305022
4.0,13096,base_model.model.roberta.encoder.layer.22.attention.self.value.weight,effective,82.79197445298321
4.0,13096,base_model.model.roberta.encoder.layer.22.attention.output.dense.weight,base,13.58594952450877
4.0,13096,base_model.model.roberta.encoder.layer.22.attention.output.dense.weight,delta,1.0708714470528853
4.0,13096,base_model.model.roberta.encoder.layer.22.attention.output.dense.weight,effective,13.591117391354462
4.0,13096,base_model.model.roberta.encoder.layer.22.intermediate.dense.weight,base,24.910133626088907
4.0,13096,base_model.model.roberta.encoder.layer.22.intermediate.dense.weight,delta,1.0092876974892688
4.0,13096,base_model.model.roberta.encoder.layer.22.intermediate.dense.weight,effective,24.86857864643588
4.0,13096,base_model.model.roberta.encoder.layer.22.output.dense.weight,base,25.045894912432924
4.0,13096,base_model.model.roberta.encoder.layer.22.output.dense.weight,delta,1.0397150452950559
4.0,13096,base_model.model.roberta.encoder.layer.22.output.dense.weight,effective,25.055283556856644
4.0,13096,base_model.model.roberta.encoder.layer.23.attention.self.query.weight,base,37.62998506488351
4.0,13096,base_model.model.roberta.encoder.layer.23.attention.self.query.weight,delta,1.0004569578613605
4.0,13096,base_model.model.roberta.encoder.layer.23.attention.self.query.weight,effective,37.670088558401545
4.0,13096,base_model.model.roberta.encoder.layer.23.attention.self.key.weight,base,44.522602587031
4.0,13096,base_model.model.roberta.encoder.layer.23.attention.self.key.weight,delta,1.0498369777474408
4.0,13096,base_model.model.roberta.encoder.layer.23.attention.self.key.weight,effective,44.32146373378868
4.0,13096,base_model.model.roberta.encoder.layer.23.attention.self.value.weight,base,140.48234274667016
4.0,13096,base_model.model.roberta.encoder.layer.23.attention.self.value.weight,delta,1.0489700535394986
4.0,13096,base_model.model.roberta.encoder.layer.23.attention.self.value.weight,effective,140.17880382964412
4.0,13096,base_model.model.roberta.encoder.layer.23.attention.output.dense.weight,base,26.479698821973777
4.0,13096,base_model.model.roberta.encoder.layer.23.attention.output.dense.weight,delta,1.0868506729614567
4.0,13096,base_model.model.roberta.encoder.layer.23.attention.output.dense.weight,effective,26.485147427976855
4.0,13096,base_model.model.roberta.encoder.layer.23.intermediate.dense.weight,base,27.593546720529336
4.0,13096,base_model.model.roberta.encoder.layer.23.intermediate.dense.weight,delta,1.1560440574070117
4.0,13096,base_model.model.roberta.encoder.layer.23.intermediate.dense.weight,effective,27.631754717210093
4.0,13096,base_model.model.roberta.encoder.layer.23.output.dense.weight,base,16.276755463995432
4.0,13096,base_model.model.roberta.encoder.layer.23.output.dense.weight,delta,1.2640043375746033
4.0,13096,base_model.model.roberta.encoder.layer.23.output.dense.weight,effective,16.276998022022624
4.0,13096,base_model.model.classifier.original_module.dense.weight,base,259.4320181596651
4.0,13096,base_model.model.classifier.original_module.out_proj.weight,base,2.024922826154574
4.0,13096,base_model.model.classifier.modules_to_save.default.dense.weight,base,40.88276839154383
4.0,13096,base_model.model.classifier.modules_to_save.default.out_proj.weight,base,1.509236084901537
5.0,16370,base_model.model.roberta.embeddings.word_embeddings.weight,base,2.8762521464546524
5.0,16370,base_model.model.roberta.embeddings.position_embeddings.weight,base,1.794806501817938
5.0,16370,base_model.model.roberta.embeddings.token_type_embeddings.weight,base,0.0
5.0,16370,base_model.model.roberta.encoder.layer.0.attention.self.query.weight,base,65.16850243294316
5.0,16370,base_model.model.roberta.encoder.layer.0.attention.self.query.weight,delta,1.6767884994783318
5.0,16370,base_model.model.roberta.encoder.layer.0.attention.self.query.weight,effective,65.19299005073509
5.0,16370,base_model.model.roberta.encoder.layer.0.attention.self.key.weight,base,130.91481538106177
5.0,16370,base_model.model.roberta.encoder.layer.0.attention.self.key.weight,delta,2.3438190919246207
5.0,16370,base_model.model.roberta.encoder.layer.0.attention.self.key.weight,effective,130.8737563097424
5.0,16370,base_model.model.roberta.encoder.layer.0.attention.self.value.weight,base,88.31941014198881
5.0,16370,base_model.model.roberta.encoder.layer.0.attention.self.value.weight,delta,1.0537162704515963
5.0,16370,base_model.model.roberta.encoder.layer.0.attention.self.value.weight,effective,88.30110868427859
5.0,16370,base_model.model.roberta.encoder.layer.0.attention.output.dense.weight,base,5.915947919238045
5.0,16370,base_model.model.roberta.encoder.layer.0.attention.output.dense.weight,delta,1.1055555586872503
5.0,16370,base_model.model.roberta.encoder.layer.0.attention.output.dense.weight,effective,5.915829718322542
5.0,16370,base_model.model.roberta.encoder.layer.0.intermediate.dense.weight,base,7.211772906074545
5.0,16370,base_model.model.roberta.encoder.layer.0.intermediate.dense.weight,delta,1.004011411718393
5.0,16370,base_model.model.roberta.encoder.layer.0.intermediate.dense.weight,effective,7.208254713446552
5.0,16370,base_model.model.roberta.encoder.layer.0.output.dense.weight,base,45.444507184256565
5.0,16370,base_model.model.roberta.encoder.layer.0.output.dense.weight,delta,1.1010094008580114
5.0,16370,base_model.model.roberta.encoder.layer.0.output.dense.weight,effective,45.455868883720136
5.0,16370,base_model.model.roberta.encoder.layer.1.attention.self.query.weight,base,49.83982559284896
5.0,16370,base_model.model.roberta.encoder.layer.1.attention.self.query.weight,delta,1.186266678156847
5.0,16370,base_model.model.roberta.encoder.layer.1.attention.self.query.weight,effective,49.84533626562844
5.0,16370,base_model.model.roberta.encoder.layer.1.attention.self.key.weight,base,36.683594715722144
5.0,16370,base_model.model.roberta.encoder.layer.1.attention.self.key.weight,delta,1.8471442306017982
5.0,16370,base_model.model.roberta.encoder.layer.1.attention.self.key.weight,effective,36.659020562302096
5.0,16370,base_model.model.roberta.encoder.layer.1.attention.self.value.weight,base,100.83349896198295
5.0,16370,base_model.model.roberta.encoder.layer.1.attention.self.value.weight,delta,1.088372731927317
5.0,16370,base_model.model.roberta.encoder.layer.1.attention.self.value.weight,effective,100.83173826278914
5.0,16370,base_model.model.roberta.encoder.layer.1.attention.output.dense.weight,base,14.804032969892802
5.0,16370,base_model.model.roberta.encoder.layer.1.attention.output.dense.weight,delta,1.2901239529986515
5.0,16370,base_model.model.roberta.encoder.layer.1.attention.output.dense.weight,effective,14.805191834679784
5.0,16370,base_model.model.roberta.encoder.layer.1.intermediate.dense.weight,base,10.80473028402092
5.0,16370,base_model.model.roberta.encoder.layer.1.intermediate.dense.weight,delta,1.0026037557032415
5.0,16370,base_model.model.roberta.encoder.layer.1.intermediate.dense.weight,effective,10.810631946761445
5.0,16370,base_model.model.roberta.encoder.layer.1.output.dense.weight,base,29.953815799001653
5.0,16370,base_model.model.roberta.encoder.layer.1.output.dense.weight,delta,1.2119455104350967
5.0,16370,base_model.model.roberta.encoder.layer.1.output.dense.weight,effective,29.953935445776565
5.0,16370,base_model.model.roberta.encoder.layer.2.attention.self.query.weight,base,49.94102365282341
5.0,16370,base_model.model.roberta.encoder.layer.2.attention.self.query.weight,delta,1.0852551075964851
5.0,16370,base_model.model.roberta.encoder.layer.2.attention.self.query.weight,effective,49.83550297824738
5.0,16370,base_model.model.roberta.encoder.layer.2.attention.self.key.weight,base,56.246165221169115
5.0,16370,base_model.model.roberta.encoder.layer.2.attention.self.key.weight,delta,1.5079602489661244
5.0,16370,base_model.model.roberta.encoder.layer.2.attention.self.key.weight,effective,56.24398423060069
5.0,16370,base_model.model.roberta.encoder.layer.2.attention.self.value.weight,base,53.35955946695758
5.0,16370,base_model.model.roberta.encoder.layer.2.attention.self.value.weight,delta,1.013143577311033
5.0,16370,base_model.model.roberta.encoder.layer.2.attention.self.value.weight,effective,53.37575844856408
5.0,16370,base_model.model.roberta.encoder.layer.2.attention.output.dense.weight,base,14.211729843144505
5.0,16370,base_model.model.roberta.encoder.layer.2.attention.output.dense.weight,delta,1.35760587420367
5.0,16370,base_model.model.roberta.encoder.layer.2.attention.output.dense.weight,effective,14.21843576532055
5.0,16370,base_model.model.roberta.encoder.layer.2.intermediate.dense.weight,base,14.171262905121031
5.0,16370,base_model.model.roberta.encoder.layer.2.intermediate.dense.weight,delta,1.0074248011703975
5.0,16370,base_model.model.roberta.encoder.layer.2.intermediate.dense.weight,effective,14.154415257751767
5.0,16370,base_model.model.roberta.encoder.layer.2.output.dense.weight,base,27.617960006342027
5.0,16370,base_model.model.roberta.encoder.layer.2.output.dense.weight,delta,1.3833566622035363
5.0,16370,base_model.model.roberta.encoder.layer.2.output.dense.weight,effective,27.617041150007847
5.0,16370,base_model.model.roberta.encoder.layer.3.attention.self.query.weight,base,40.38710324398324
5.0,16370,base_model.model.roberta.encoder.layer.3.attention.self.query.weight,delta,1.0693423096840728
5.0,16370,base_model.model.roberta.encoder.layer.3.attention.self.query.weight,effective,40.37818901841595
5.0,16370,base_model.model.roberta.encoder.layer.3.attention.self.key.weight,base,52.78959322892153
5.0,16370,base_model.model.roberta.encoder.layer.3.attention.self.key.weight,delta,1.7415423290943006
5.0,16370,base_model.model.roberta.encoder.layer.3.attention.self.key.weight,effective,52.78867337996206
5.0,16370,base_model.model.roberta.encoder.layer.3.attention.self.value.weight,base,85.08426624756609
5.0,16370,base_model.model.roberta.encoder.layer.3.attention.self.value.weight,delta,1.7464065647916107
5.0,16370,base_model.model.roberta.encoder.layer.3.attention.self.value.weight,effective,85.08217827574131
5.0,16370,base_model.model.roberta.encoder.layer.3.attention.output.dense.weight,base,21.91678510152632
5.0,16370,base_model.model.roberta.encoder.layer.3.attention.output.dense.weight,delta,1.0770439646353362
5.0,16370,base_model.model.roberta.encoder.layer.3.attention.output.dense.weight,effective,21.906998623628294
5.0,16370,base_model.model.roberta.encoder.layer.3.intermediate.dense.weight,base,20.110905845538312
5.0,16370,base_model.model.roberta.encoder.layer.3.intermediate.dense.weight,delta,1.0026052727329402
5.0,16370,base_model.model.roberta.encoder.layer.3.intermediate.dense.weight,effective,20.065086267552495
5.0,16370,base_model.model.roberta.encoder.layer.3.output.dense.weight,base,25.971211357979648
5.0,16370,base_model.model.roberta.encoder.layer.3.output.dense.weight,delta,1.0959294008689897
5.0,16370,base_model.model.roberta.encoder.layer.3.output.dense.weight,effective,25.970421060671068
5.0,16370,base_model.model.roberta.encoder.layer.4.attention.self.query.weight,base,16.316341559015992
5.0,16370,base_model.model.roberta.encoder.layer.4.attention.self.query.weight,delta,1.313774252368524
5.0,16370,base_model.model.roberta.encoder.layer.4.attention.self.query.weight,effective,16.319120905502295
5.0,16370,base_model.model.roberta.encoder.layer.4.attention.self.key.weight,base,61.19224054984023
5.0,16370,base_model.model.roberta.encoder.layer.4.attention.self.key.weight,delta,1.0520429805686764
5.0,16370,base_model.model.roberta.encoder.layer.4.attention.self.key.weight,effective,61.3255222928295
5.0,16370,base_model.model.roberta.encoder.layer.4.attention.self.value.weight,base,105.4275948284823
5.0,16370,base_model.model.roberta.encoder.layer.4.attention.self.value.weight,delta,1.0925318881866293
5.0,16370,base_model.model.roberta.encoder.layer.4.attention.self.value.weight,effective,105.37506594734003
5.0,16370,base_model.model.roberta.encoder.layer.4.attention.output.dense.weight,base,20.803518310365877
5.0,16370,base_model.model.roberta.encoder.layer.4.attention.output.dense.weight,delta,1.344681224363628
5.0,16370,base_model.model.roberta.encoder.layer.4.attention.output.dense.weight,effective,20.806917049971204
5.0,16370,base_model.model.roberta.encoder.layer.4.intermediate.dense.weight,base,20.02480060993551
5.0,16370,base_model.model.roberta.encoder.layer.4.intermediate.dense.weight,delta,1.004027085893292
5.0,16370,base_model.model.roberta.encoder.layer.4.intermediate.dense.weight,effective,20.017037754237116
5.0,16370,base_model.model.roberta.encoder.layer.4.output.dense.weight,base,29.728196317360545
5.0,16370,base_model.model.roberta.encoder.layer.4.output.dense.weight,delta,1.0252696728283623
5.0,16370,base_model.model.roberta.encoder.layer.4.output.dense.weight,effective,29.73289827950882
5.0,16370,base_model.model.roberta.encoder.layer.5.attention.self.query.weight,base,11.762495176171988
5.0,16370,base_model.model.roberta.encoder.layer.5.attention.self.query.weight,delta,1.0267555300181106
5.0,16370,base_model.model.roberta.encoder.layer.5.attention.self.query.weight,effective,11.755396599429469
5.0,16370,base_model.model.roberta.encoder.layer.5.attention.self.key.weight,base,61.699005373669515
5.0,16370,base_model.model.roberta.encoder.layer.5.attention.self.key.weight,delta,1.053782691649566
5.0,16370,base_model.model.roberta.encoder.layer.5.attention.self.key.weight,effective,61.88470848343732
5.0,16370,base_model.model.roberta.encoder.layer.5.attention.self.value.weight,base,99.56625816874656
5.0,16370,base_model.model.roberta.encoder.layer.5.attention.self.value.weight,delta,1.0327003074825727
5.0,16370,base_model.model.roberta.encoder.layer.5.attention.self.value.weight,effective,99.58297307659117
5.0,16370,base_model.model.roberta.encoder.layer.5.attention.output.dense.weight,base,26.298959057905314
5.0,16370,base_model.model.roberta.encoder.layer.5.attention.output.dense.weight,delta,1.2603881172007816
5.0,16370,base_model.model.roberta.encoder.layer.5.attention.output.dense.weight,effective,26.309599843414922
5.0,16370,base_model.model.roberta.encoder.layer.5.intermediate.dense.weight,base,20.785218764453894
5.0,16370,base_model.model.roberta.encoder.layer.5.intermediate.dense.weight,delta,1.0018978230019575
5.0,16370,base_model.model.roberta.encoder.layer.5.intermediate.dense.weight,effective,20.783358564625008
5.0,16370,base_model.model.roberta.encoder.layer.5.output.dense.weight,base,35.247083242875256
5.0,16370,base_model.model.roberta.encoder.layer.5.output.dense.weight,delta,1.1038431011012755
5.0,16370,base_model.model.roberta.encoder.layer.5.output.dense.weight,effective,35.25635080102578
5.0,16370,base_model.model.roberta.encoder.layer.6.attention.self.query.weight,base,14.075301678596741
5.0,16370,base_model.model.roberta.encoder.layer.6.attention.self.query.weight,delta,1.2461958686487313
5.0,16370,base_model.model.roberta.encoder.layer.6.attention.self.query.weight,effective,14.069251563362569
5.0,16370,base_model.model.roberta.encoder.layer.6.attention.self.key.weight,base,66.43951114473974
5.0,16370,base_model.model.roberta.encoder.layer.6.attention.self.key.weight,delta,1.1277608113050797
5.0,16370,base_model.model.roberta.encoder.layer.6.attention.self.key.weight,effective,66.46979579336595
5.0,16370,base_model.model.roberta.encoder.layer.6.attention.self.value.weight,base,90.24191649634543
5.0,16370,base_model.model.roberta.encoder.layer.6.attention.self.value.weight,delta,1.074776811146218
5.0,16370,base_model.model.roberta.encoder.layer.6.attention.self.value.weight,effective,90.24361675232741
5.0,16370,base_model.model.roberta.encoder.layer.6.attention.output.dense.weight,base,29.94873534068194
5.0,16370,base_model.model.roberta.encoder.layer.6.attention.output.dense.weight,delta,1.640630006062761
5.0,16370,base_model.model.roberta.encoder.layer.6.attention.output.dense.weight,effective,29.954116265704496
5.0,16370,base_model.model.roberta.encoder.layer.6.intermediate.dense.weight,base,22.03994696544542
5.0,16370,base_model.model.roberta.encoder.layer.6.intermediate.dense.weight,delta,1.001545288593625
5.0,16370,base_model.model.roberta.encoder.layer.6.intermediate.dense.weight,effective,21.995460945736312
5.0,16370,base_model.model.roberta.encoder.layer.6.output.dense.weight,base,32.14799086383212
5.0,16370,base_model.model.roberta.encoder.layer.6.output.dense.weight,delta,1.0114306891681308
5.0,16370,base_model.model.roberta.encoder.layer.6.output.dense.weight,effective,32.162002843793516
5.0,16370,base_model.model.roberta.encoder.layer.7.attention.self.query.weight,base,14.658838567416794
5.0,16370,base_model.model.roberta.encoder.layer.7.attention.self.query.weight,delta,1.0294796263234454
5.0,16370,base_model.model.roberta.encoder.layer.7.attention.self.query.weight,effective,14.666283910025747
5.0,16370,base_model.model.roberta.encoder.layer.7.attention.self.key.weight,base,70.99344042385209
5.0,16370,base_model.model.roberta.encoder.layer.7.attention.self.key.weight,delta,1.3139298662493075
5.0,16370,base_model.model.roberta.encoder.layer.7.attention.self.key.weight,effective,70.97774718651644
5.0,16370,base_model.model.roberta.encoder.layer.7.attention.self.value.weight,base,77.89752183447247
5.0,16370,base_model.model.roberta.encoder.layer.7.attention.self.value.weight,delta,1.1351110940189826
5.0,16370,base_model.model.roberta.encoder.layer.7.attention.self.value.weight,effective,77.95527714178472
5.0,16370,base_model.model.roberta.encoder.layer.7.attention.output.dense.weight,base,26.25258171912584
5.0,16370,base_model.model.roberta.encoder.layer.7.attention.output.dense.weight,delta,1.5534423588000132
5.0,16370,base_model.model.roberta.encoder.layer.7.attention.output.dense.weight,effective,26.248486976280244
5.0,16370,base_model.model.roberta.encoder.layer.7.intermediate.dense.weight,base,21.184176643360725
5.0,16370,base_model.model.roberta.encoder.layer.7.intermediate.dense.weight,delta,1.0009961572044683
5.0,16370,base_model.model.roberta.encoder.layer.7.intermediate.dense.weight,effective,21.127315053466774
5.0,16370,base_model.model.roberta.encoder.layer.7.output.dense.weight,base,30.771296447145282
5.0,16370,base_model.model.roberta.encoder.layer.7.output.dense.weight,delta,1.0109463565671581
5.0,16370,base_model.model.roberta.encoder.layer.7.output.dense.weight,effective,30.778417640744884
5.0,16370,base_model.model.roberta.encoder.layer.8.attention.self.query.weight,base,19.554995123435056
5.0,16370,base_model.model.roberta.encoder.layer.8.attention.self.query.weight,delta,1.011584216112246
5.0,16370,base_model.model.roberta.encoder.layer.8.attention.self.query.weight,effective,19.55478459252265
5.0,16370,base_model.model.roberta.encoder.layer.8.attention.self.key.weight,base,72.46252770643032
5.0,16370,base_model.model.roberta.encoder.layer.8.attention.self.key.weight,delta,1.4765435812135959
5.0,16370,base_model.model.roberta.encoder.layer.8.attention.self.key.weight,effective,72.4536132156988
5.0,16370,base_model.model.roberta.encoder.layer.8.attention.self.value.weight,base,68.24090761427492
5.0,16370,base_model.model.roberta.encoder.layer.8.attention.self.value.weight,delta,1.1310894193889622
5.0,16370,base_model.model.roberta.encoder.layer.8.attention.self.value.weight,effective,68.2476942683396
5.0,16370,base_model.model.roberta.encoder.layer.8.attention.output.dense.weight,base,25.215026114384766
5.0,16370,base_model.model.roberta.encoder.layer.8.attention.output.dense.weight,delta,1.078299936227657
5.0,16370,base_model.model.roberta.encoder.layer.8.attention.output.dense.weight,effective,25.220896031121416
5.0,16370,base_model.model.roberta.encoder.layer.8.intermediate.dense.weight,base,22.94873607984339
5.0,16370,base_model.model.roberta.encoder.layer.8.intermediate.dense.weight,delta,1.0016536506323672
5.0,16370,base_model.model.roberta.encoder.layer.8.intermediate.dense.weight,effective,22.941608817126237
5.0,16370,base_model.model.roberta.encoder.layer.8.output.dense.weight,base,33.20090685709213
5.0,16370,base_model.model.roberta.encoder.layer.8.output.dense.weight,delta,1.0086366429304143
5.0,16370,base_model.model.roberta.encoder.layer.8.output.dense.weight,effective,33.214172496537444
5.0,16370,base_model.model.roberta.encoder.layer.9.attention.self.query.weight,base,14.074112128999012
5.0,16370,base_model.model.roberta.encoder.layer.9.attention.self.query.weight,delta,1.0120638116512337
5.0,16370,base_model.model.roberta.encoder.layer.9.attention.self.query.weight,effective,14.076957498699006
5.0,16370,base_model.model.roberta.encoder.layer.9.attention.self.key.weight,base,82.21456241058715
5.0,16370,base_model.model.roberta.encoder.layer.9.attention.self.key.weight,delta,1.6959523799662113
5.0,16370,base_model.model.roberta.encoder.layer.9.attention.self.key.weight,effective,82.3378836189367
5.0,16370,base_model.model.roberta.encoder.layer.9.attention.self.value.weight,base,94.15371923486272
5.0,16370,base_model.model.roberta.encoder.layer.9.attention.self.value.weight,delta,1.0334758522660763
5.0,16370,base_model.model.roberta.encoder.layer.9.attention.self.value.weight,effective,94.12394787861162
5.0,16370,base_model.model.roberta.encoder.layer.9.attention.output.dense.weight,base,27.16329966608273
5.0,16370,base_model.model.roberta.encoder.layer.9.attention.output.dense.weight,delta,1.1771614328130349
5.0,16370,base_model.model.roberta.encoder.layer.9.attention.output.dense.weight,effective,27.16658740406098
5.0,16370,base_model.model.roberta.encoder.layer.9.intermediate.dense.weight,base,22.8722040849843
5.0,16370,base_model.model.roberta.encoder.layer.9.intermediate.dense.weight,delta,1.0014576904181225
5.0,16370,base_model.model.roberta.encoder.layer.9.intermediate.dense.weight,effective,22.85147980871966
5.0,16370,base_model.model.roberta.encoder.layer.9.output.dense.weight,base,31.291706379686776
5.0,16370,base_model.model.roberta.encoder.layer.9.output.dense.weight,delta,1.017445454502574
5.0,16370,base_model.model.roberta.encoder.layer.9.output.dense.weight,effective,31.306782489108667
5.0,16370,base_model.model.roberta.encoder.layer.10.attention.self.query.weight,base,43.93787210542925
5.0,16370,base_model.model.roberta.encoder.layer.10.attention.self.query.weight,delta,1.0249265553430815
5.0,16370,base_model.model.roberta.encoder.layer.10.attention.self.query.weight,effective,43.92069880259719
5.0,16370,base_model.model.roberta.encoder.layer.10.attention.self.key.weight,base,84.34775663528752
5.0,16370,base_model.model.roberta.encoder.layer.10.attention.self.key.weight,delta,1.1175835604797024
5.0,16370,base_model.model.roberta.encoder.layer.10.attention.self.key.weight,effective,84.22860684599533
5.0,16370,base_model.model.roberta.encoder.layer.10.attention.self.value.weight,base,95.82444154352557
5.0,16370,base_model.model.roberta.encoder.layer.10.attention.self.value.weight,delta,1.0555033373291833
5.0,16370,base_model.model.roberta.encoder.layer.10.attention.self.value.weight,effective,95.90366625436155
5.0,16370,base_model.model.roberta.encoder.layer.10.attention.output.dense.weight,base,25.41130698429029
5.0,16370,base_model.model.roberta.encoder.layer.10.attention.output.dense.weight,delta,2.0157236526565634
5.0,16370,base_model.model.roberta.encoder.layer.10.attention.output.dense.weight,effective,25.413023767196787
5.0,16370,base_model.model.roberta.encoder.layer.10.intermediate.dense.weight,base,23.61416247632014
5.0,16370,base_model.model.roberta.encoder.layer.10.intermediate.dense.weight,delta,1.00144923346568
5.0,16370,base_model.model.roberta.encoder.layer.10.intermediate.dense.weight,effective,23.567566157476474
5.0,16370,base_model.model.roberta.encoder.layer.10.output.dense.weight,base,28.482765434223122
5.0,16370,base_model.model.roberta.encoder.layer.10.output.dense.weight,delta,1.0596010143912693
5.0,16370,base_model.model.roberta.encoder.layer.10.output.dense.weight,effective,28.484417846223973
5.0,16370,base_model.model.roberta.encoder.layer.11.attention.self.query.weight,base,42.711296516148266
5.0,16370,base_model.model.roberta.encoder.layer.11.attention.self.query.weight,delta,1.0174115907800856
5.0,16370,base_model.model.roberta.encoder.layer.11.attention.self.query.weight,effective,42.71186129865851
5.0,16370,base_model.model.roberta.encoder.layer.11.attention.self.key.weight,base,89.36574388593367
5.0,16370,base_model.model.roberta.encoder.layer.11.attention.self.key.weight,delta,2.169487007451169
5.0,16370,base_model.model.roberta.encoder.layer.11.attention.self.key.weight,effective,89.27944035989492
5.0,16370,base_model.model.roberta.encoder.layer.11.attention.self.value.weight,base,91.12228329898201
5.0,16370,base_model.model.roberta.encoder.layer.11.attention.self.value.weight,delta,1.1920105908804457
5.0,16370,base_model.model.roberta.encoder.layer.11.attention.self.value.weight,effective,91.09369130623054
5.0,16370,base_model.model.roberta.encoder.layer.11.attention.output.dense.weight,base,23.711106828708598
5.0,16370,base_model.model.roberta.encoder.layer.11.attention.output.dense.weight,delta,1.8407609493284263
5.0,16370,base_model.model.roberta.encoder.layer.11.attention.output.dense.weight,effective,23.700396917753803
5.0,16370,base_model.model.roberta.encoder.layer.11.intermediate.dense.weight,base,23.921582739751972
5.0,16370,base_model.model.roberta.encoder.layer.11.intermediate.dense.weight,delta,1.0222823459442747
5.0,16370,base_model.model.roberta.encoder.layer.11.intermediate.dense.weight,effective,23.89198389733228
5.0,16370,base_model.model.roberta.encoder.layer.11.output.dense.weight,base,32.25425665985377
5.0,16370,base_model.model.roberta.encoder.layer.11.output.dense.weight,delta,1.0116191682297682
5.0,16370,base_model.model.roberta.encoder.layer.11.output.dense.weight,effective,32.26420902774873
5.0,16370,base_model.model.roberta.encoder.layer.12.attention.self.query.weight,base,19.80133963517949
5.0,16370,base_model.model.roberta.encoder.layer.12.attention.self.query.weight,delta,1.0088288882472718
5.0,16370,base_model.model.roberta.encoder.layer.12.attention.self.query.weight,effective,19.812611034751242
5.0,16370,base_model.model.roberta.encoder.layer.12.attention.self.key.weight,base,59.51423417589006
5.0,16370,base_model.model.roberta.encoder.layer.12.attention.self.key.weight,delta,1.1923947420049634
5.0,16370,base_model.model.roberta.encoder.layer.12.attention.self.key.weight,effective,59.45677621728249
5.0,16370,base_model.model.roberta.encoder.layer.12.attention.self.value.weight,base,104.55182735098823
5.0,16370,base_model.model.roberta.encoder.layer.12.attention.self.value.weight,delta,1.0701067457525866
5.0,16370,base_model.model.roberta.encoder.layer.12.attention.self.value.weight,effective,104.55217484348124
5.0,16370,base_model.model.roberta.encoder.layer.12.attention.output.dense.weight,base,31.68961963951198
5.0,16370,base_model.model.roberta.encoder.layer.12.attention.output.dense.weight,delta,1.7391946264830875
5.0,16370,base_model.model.roberta.encoder.layer.12.attention.output.dense.weight,effective,31.70091960010524
5.0,16370,base_model.model.roberta.encoder.layer.12.intermediate.dense.weight,base,23.306472149343517
5.0,16370,base_model.model.roberta.encoder.layer.12.intermediate.dense.weight,delta,1.0015839464403815
5.0,16370,base_model.model.roberta.encoder.layer.12.intermediate.dense.weight,effective,23.260972529579842
5.0,16370,base_model.model.roberta.encoder.layer.12.output.dense.weight,base,33.73366981573814
5.0,16370,base_model.model.roberta.encoder.layer.12.output.dense.weight,delta,1.008001318309936
5.0,16370,base_model.model.roberta.encoder.layer.12.output.dense.weight,effective,33.739242080672504
5.0,16370,base_model.model.roberta.encoder.layer.13.attention.self.query.weight,base,19.42719294240054
5.0,16370,base_model.model.roberta.encoder.layer.13.attention.self.query.weight,delta,1.0050244180528562
5.0,16370,base_model.model.roberta.encoder.layer.13.attention.self.query.weight,effective,19.42758467775832
5.0,16370,base_model.model.roberta.encoder.layer.13.attention.self.key.weight,base,89.34542298597442
5.0,16370,base_model.model.roberta.encoder.layer.13.attention.self.key.weight,delta,1.203716361604048
5.0,16370,base_model.model.roberta.encoder.layer.13.attention.self.key.weight,effective,89.3932222353686
5.0,16370,base_model.model.roberta.encoder.layer.13.attention.self.value.weight,base,103.98533663905238
5.0,16370,base_model.model.roberta.encoder.layer.13.attention.self.value.weight,delta,1.2098717981750673
5.0,16370,base_model.model.roberta.encoder.layer.13.attention.self.value.weight,effective,103.96170176990618
5.0,16370,base_model.model.roberta.encoder.layer.13.attention.output.dense.weight,base,31.930869183442315
5.0,16370,base_model.model.roberta.encoder.layer.13.attention.output.dense.weight,delta,1.061643446899748
5.0,16370,base_model.model.roberta.encoder.layer.13.attention.output.dense.weight,effective,31.93700501211852
5.0,16370,base_model.model.roberta.encoder.layer.13.intermediate.dense.weight,base,21.4924861033959
5.0,16370,base_model.model.roberta.encoder.layer.13.intermediate.dense.weight,delta,1.00133845425133
5.0,16370,base_model.model.roberta.encoder.layer.13.intermediate.dense.weight,effective,21.412397962229285
5.0,16370,base_model.model.roberta.encoder.layer.13.output.dense.weight,base,38.45666001020537
5.0,16370,base_model.model.roberta.encoder.layer.13.output.dense.weight,delta,1.0048214325923526
5.0,16370,base_model.model.roberta.encoder.layer.13.output.dense.weight,effective,38.46025002896211
5.0,16370,base_model.model.roberta.encoder.layer.14.attention.self.query.weight,base,14.950092836443968
5.0,16370,base_model.model.roberta.encoder.layer.14.attention.self.query.weight,delta,1.0157237111031245
5.0,16370,base_model.model.roberta.encoder.layer.14.attention.self.query.weight,effective,14.938728767532744
5.0,16370,base_model.model.roberta.encoder.layer.14.attention.self.key.weight,base,69.63970689456136
5.0,16370,base_model.model.roberta.encoder.layer.14.attention.self.key.weight,delta,1.9012937190565748
5.0,16370,base_model.model.roberta.encoder.layer.14.attention.self.key.weight,effective,69.62026085673669
5.0,16370,base_model.model.roberta.encoder.layer.14.attention.self.value.weight,base,105.91215913275136
5.0,16370,base_model.model.roberta.encoder.layer.14.attention.self.value.weight,delta,1.1074577048307868
5.0,16370,base_model.model.roberta.encoder.layer.14.attention.self.value.weight,effective,105.98544991448803
5.0,16370,base_model.model.roberta.encoder.layer.14.attention.output.dense.weight,base,34.19242653847588
5.0,16370,base_model.model.roberta.encoder.layer.14.attention.output.dense.weight,delta,1.4246273428116953
5.0,16370,base_model.model.roberta.encoder.layer.14.attention.output.dense.weight,effective,34.19431913726994
5.0,16370,base_model.model.roberta.encoder.layer.14.intermediate.dense.weight,base,20.798387110600416
5.0,16370,base_model.model.roberta.encoder.layer.14.intermediate.dense.weight,delta,1.0060917623551309
5.0,16370,base_model.model.roberta.encoder.layer.14.intermediate.dense.weight,effective,20.76513016615851
5.0,16370,base_model.model.roberta.encoder.layer.14.output.dense.weight,base,20.652845573172012
5.0,16370,base_model.model.roberta.encoder.layer.14.output.dense.weight,delta,1.0025286858506546
5.0,16370,base_model.model.roberta.encoder.layer.14.output.dense.weight,effective,20.654996880039892
5.0,16370,base_model.model.roberta.encoder.layer.15.attention.self.query.weight,base,31.91981094559281
5.0,16370,base_model.model.roberta.encoder.layer.15.attention.self.query.weight,delta,1.004744879114531
5.0,16370,base_model.model.roberta.encoder.layer.15.attention.self.query.weight,effective,31.91622427978852
5.0,16370,base_model.model.roberta.encoder.layer.15.attention.self.key.weight,base,79.51391215956669
5.0,16370,base_model.model.roberta.encoder.layer.15.attention.self.key.weight,delta,1.3496422408601527
5.0,16370,base_model.model.roberta.encoder.layer.15.attention.self.key.weight,effective,79.52566916613135
5.0,16370,base_model.model.roberta.encoder.layer.15.attention.self.value.weight,base,104.47581356199453
5.0,16370,base_model.model.roberta.encoder.layer.15.attention.self.value.weight,delta,1.141942626741531
5.0,16370,base_model.model.roberta.encoder.layer.15.attention.self.value.weight,effective,104.48449227854252
5.0,16370,base_model.model.roberta.encoder.layer.15.attention.output.dense.weight,base,15.276684828215696
5.0,16370,base_model.model.roberta.encoder.layer.15.attention.output.dense.weight,delta,1.2631415755040527
5.0,16370,base_model.model.roberta.encoder.layer.15.attention.output.dense.weight,effective,15.280753820834988
5.0,16370,base_model.model.roberta.encoder.layer.15.intermediate.dense.weight,base,25.351985666495665
5.0,16370,base_model.model.roberta.encoder.layer.15.intermediate.dense.weight,delta,1.0063972534422039
5.0,16370,base_model.model.roberta.encoder.layer.15.intermediate.dense.weight,effective,25.334851128046534
5.0,16370,base_model.model.roberta.encoder.layer.15.output.dense.weight,base,18.276873411306507
5.0,16370,base_model.model.roberta.encoder.layer.15.output.dense.weight,delta,1.0180631599939982
5.0,16370,base_model.model.roberta.encoder.layer.15.output.dense.weight,effective,18.27916727589775
5.0,16370,base_model.model.roberta.encoder.layer.16.attention.self.query.weight,base,78.90741647514638
5.0,16370,base_model.model.roberta.encoder.layer.16.attention.self.query.weight,delta,1.009058692741676
5.0,16370,base_model.model.roberta.encoder.layer.16.attention.self.query.weight,effective,78.97025439591297
5.0,16370,base_model.model.roberta.encoder.layer.16.attention.self.key.weight,base,87.61963184012855
5.0,16370,base_model.model.roberta.encoder.layer.16.attention.self.key.weight,delta,1.633995648507905
5.0,16370,base_model.model.roberta.encoder.layer.16.attention.self.key.weight,effective,87.6564133045209
5.0,16370,base_model.model.roberta.encoder.layer.16.attention.self.value.weight,base,97.07574430485145
5.0,16370,base_model.model.roberta.encoder.layer.16.attention.self.value.weight,delta,1.1795570412310674
5.0,16370,base_model.model.roberta.encoder.layer.16.attention.self.value.weight,effective,97.07372984916384
5.0,16370,base_model.model.roberta.encoder.layer.16.attention.output.dense.weight,base,14.660626448700963
5.0,16370,base_model.model.roberta.encoder.layer.16.attention.output.dense.weight,delta,1.0900874334274995
5.0,16370,base_model.model.roberta.encoder.layer.16.attention.output.dense.weight,effective,14.669462547344814
5.0,16370,base_model.model.roberta.encoder.layer.16.intermediate.dense.weight,base,31.375570204423624
5.0,16370,base_model.model.roberta.encoder.layer.16.intermediate.dense.weight,delta,1.0005637992541756
5.0,16370,base_model.model.roberta.encoder.layer.16.intermediate.dense.weight,effective,31.311720185625166
5.0,16370,base_model.model.roberta.encoder.layer.16.output.dense.weight,base,17.030436723646925
5.0,16370,base_model.model.roberta.encoder.layer.16.output.dense.weight,delta,1.0084620507682023
5.0,16370,base_model.model.roberta.encoder.layer.16.output.dense.weight,effective,17.040827731125738
5.0,16370,base_model.model.roberta.encoder.layer.17.attention.self.query.weight,base,70.1967671110762
5.0,16370,base_model.model.roberta.encoder.layer.17.attention.self.query.weight,delta,1.0004866001288282
5.0,16370,base_model.model.roberta.encoder.layer.17.attention.self.query.weight,effective,70.14696210600978
5.0,16370,base_model.model.roberta.encoder.layer.17.attention.self.key.weight,base,76.19706060450874
5.0,16370,base_model.model.roberta.encoder.layer.17.attention.self.key.weight,delta,1.8646369006648391
5.0,16370,base_model.model.roberta.encoder.layer.17.attention.self.key.weight,effective,76.08326749115929
5.0,16370,base_model.model.roberta.encoder.layer.17.attention.self.value.weight,base,118.53882569591501
5.0,16370,base_model.model.roberta.encoder.layer.17.attention.self.value.weight,delta,1.144077495786687
5.0,16370,base_model.model.roberta.encoder.layer.17.attention.self.value.weight,effective,118.65387750228736
5.0,16370,base_model.model.roberta.encoder.layer.17.attention.output.dense.weight,base,19.10130545413139
5.0,16370,base_model.model.roberta.encoder.layer.17.attention.output.dense.weight,delta,1.065005754802032
5.0,16370,base_model.model.roberta.encoder.layer.17.attention.output.dense.weight,effective,19.11392544155469
5.0,16370,base_model.model.roberta.encoder.layer.17.intermediate.dense.weight,base,33.29412874555674
5.0,16370,base_model.model.roberta.encoder.layer.17.intermediate.dense.weight,delta,1.001302736474959
5.0,16370,base_model.model.roberta.encoder.layer.17.intermediate.dense.weight,effective,33.17432174242395
5.0,16370,base_model.model.roberta.encoder.layer.17.output.dense.weight,base,22.110656474802994
5.0,16370,base_model.model.roberta.encoder.layer.17.output.dense.weight,delta,1.0044278213492266
5.0,16370,base_model.model.roberta.encoder.layer.17.output.dense.weight,effective,22.1107116362222
5.0,16370,base_model.model.roberta.encoder.layer.18.attention.self.query.weight,base,73.4326767419924
5.0,16370,base_model.model.roberta.encoder.layer.18.attention.self.query.weight,delta,1.000778096236151
5.0,16370,base_model.model.roberta.encoder.layer.18.attention.self.query.weight,effective,73.44819397304616
5.0,16370,base_model.model.roberta.encoder.layer.18.attention.self.key.weight,base,80.37733857175729
5.0,16370,base_model.model.roberta.encoder.layer.18.attention.self.key.weight,delta,1.3852685338194974
5.0,16370,base_model.model.roberta.encoder.layer.18.attention.self.key.weight,effective,80.43263005866417
5.0,16370,base_model.model.roberta.encoder.layer.18.attention.self.value.weight,base,113.07689369586087
5.0,16370,base_model.model.roberta.encoder.layer.18.attention.self.value.weight,delta,1.0415342445805467
5.0,16370,base_model.model.roberta.encoder.layer.18.attention.self.value.weight,effective,113.11019697626737
5.0,16370,base_model.model.roberta.encoder.layer.18.attention.output.dense.weight,base,18.028766680307434
5.0,16370,base_model.model.roberta.encoder.layer.18.attention.output.dense.weight,delta,1.0694274636956416
5.0,16370,base_model.model.roberta.encoder.layer.18.attention.output.dense.weight,effective,18.050228126322104
5.0,16370,base_model.model.roberta.encoder.layer.18.intermediate.dense.weight,base,32.6844872681259
5.0,16370,base_model.model.roberta.encoder.layer.18.intermediate.dense.weight,delta,1.000554332459223
5.0,16370,base_model.model.roberta.encoder.layer.18.intermediate.dense.weight,effective,32.583660838627786
5.0,16370,base_model.model.roberta.encoder.layer.18.output.dense.weight,base,21.433488387626884
5.0,16370,base_model.model.roberta.encoder.layer.18.output.dense.weight,delta,1.0010558733942723
5.0,16370,base_model.model.roberta.encoder.layer.18.output.dense.weight,effective,21.433133079031883
5.0,16370,base_model.model.roberta.encoder.layer.19.attention.self.query.weight,base,92.59084682443176
5.0,16370,base_model.model.roberta.encoder.layer.19.attention.self.query.weight,delta,1.0002464679393261
5.0,16370,base_model.model.roberta.encoder.layer.19.attention.self.query.weight,effective,92.64698435355069
5.0,16370,base_model.model.roberta.encoder.layer.19.attention.self.key.weight,base,70.02834221049284
5.0,16370,base_model.model.roberta.encoder.layer.19.attention.self.key.weight,delta,1.0680792564155888
5.0,16370,base_model.model.roberta.encoder.layer.19.attention.self.key.weight,effective,69.9426956688883
5.0,16370,base_model.model.roberta.encoder.layer.19.attention.self.value.weight,base,156.64708687234096
5.0,16370,base_model.model.roberta.encoder.layer.19.attention.self.value.weight,delta,1.3334814015345005
5.0,16370,base_model.model.roberta.encoder.layer.19.attention.self.value.weight,effective,156.8294230617011
5.0,16370,base_model.model.roberta.encoder.layer.19.attention.output.dense.weight,base,17.494144024820685
5.0,16370,base_model.model.roberta.encoder.layer.19.attention.output.dense.weight,delta,1.0292414020901521
5.0,16370,base_model.model.roberta.encoder.layer.19.attention.output.dense.weight,effective,17.501759984932654
5.0,16370,base_model.model.roberta.encoder.layer.19.intermediate.dense.weight,base,28.92210384099705
5.0,16370,base_model.model.roberta.encoder.layer.19.intermediate.dense.weight,delta,1.0022364492513627
5.0,16370,base_model.model.roberta.encoder.layer.19.intermediate.dense.weight,effective,28.845408792179473
5.0,16370,base_model.model.roberta.encoder.layer.19.output.dense.weight,base,19.716475538939285
5.0,16370,base_model.model.roberta.encoder.layer.19.output.dense.weight,delta,1.009969790180395
5.0,16370,base_model.model.roberta.encoder.layer.19.output.dense.weight,effective,19.718319030679055
5.0,16370,base_model.model.roberta.encoder.layer.20.attention.self.query.weight,base,77.2070215501793
5.0,16370,base_model.model.roberta.encoder.layer.20.attention.self.query.weight,delta,1.001059540119919
5.0,16370,base_model.model.roberta.encoder.layer.20.attention.self.query.weight,effective,77.223762334871
5.0,16370,base_model.model.roberta.encoder.layer.20.attention.self.key.weight,base,54.8302367686625
5.0,16370,base_model.model.roberta.encoder.layer.20.attention.self.key.weight,delta,1.1223228879890557
5.0,16370,base_model.model.roberta.encoder.layer.20.attention.self.key.weight,effective,54.8506734988646
5.0,16370,base_model.model.roberta.encoder.layer.20.attention.self.value.weight,base,108.43384596250647
5.0,16370,base_model.model.roberta.encoder.layer.20.attention.self.value.weight,delta,1.5228521593971265
5.0,16370,base_model.model.roberta.encoder.layer.20.attention.self.value.weight,effective,108.39524560166993
5.0,16370,base_model.model.roberta.encoder.layer.20.attention.output.dense.weight,base,15.783675262019102
5.0,16370,base_model.model.roberta.encoder.layer.20.attention.output.dense.weight,delta,1.04738830164257
5.0,16370,base_model.model.roberta.encoder.layer.20.attention.output.dense.weight,effective,15.785489920345741
5.0,16370,base_model.model.roberta.encoder.layer.20.intermediate.dense.weight,base,24.95680646951418
5.0,16370,base_model.model.roberta.encoder.layer.20.intermediate.dense.weight,delta,1.0021456221411562
5.0,16370,base_model.model.roberta.encoder.layer.20.intermediate.dense.weight,effective,24.944659444192013
5.0,16370,base_model.model.roberta.encoder.layer.20.output.dense.weight,base,18.867906855073496
5.0,16370,base_model.model.roberta.encoder.layer.20.output.dense.weight,delta,1.1605318830832514
5.0,16370,base_model.model.roberta.encoder.layer.20.output.dense.weight,effective,18.867597560467335
5.0,16370,base_model.model.roberta.encoder.layer.21.attention.self.query.weight,base,49.271407326276666
5.0,16370,base_model.model.roberta.encoder.layer.21.attention.self.query.weight,delta,1.0002368788803866
5.0,16370,base_model.model.roberta.encoder.layer.21.attention.self.query.weight,effective,49.34214267188647
5.0,16370,base_model.model.roberta.encoder.layer.21.attention.self.key.weight,base,57.11420031170095
5.0,16370,base_model.model.roberta.encoder.layer.21.attention.self.key.weight,delta,1.0115995886948914
5.0,16370,base_model.model.roberta.encoder.layer.21.attention.self.key.weight,effective,57.213322357041626
5.0,16370,base_model.model.roberta.encoder.layer.21.attention.self.value.weight,base,88.20789990778927
5.0,16370,base_model.model.roberta.encoder.layer.21.attention.self.value.weight,delta,1.0549381735393892
5.0,16370,base_model.model.roberta.encoder.layer.21.attention.self.value.weight,effective,88.24206020650877
5.0,16370,base_model.model.roberta.encoder.layer.21.attention.output.dense.weight,base,17.47041927386182
5.0,16370,base_model.model.roberta.encoder.layer.21.attention.output.dense.weight,delta,1.0488400848931219
5.0,16370,base_model.model.roberta.encoder.layer.21.attention.output.dense.weight,effective,17.47691933853629
5.0,16370,base_model.model.roberta.encoder.layer.21.intermediate.dense.weight,base,23.56764144333285
5.0,16370,base_model.model.roberta.encoder.layer.21.intermediate.dense.weight,delta,1.0045299019521758
5.0,16370,base_model.model.roberta.encoder.layer.21.intermediate.dense.weight,effective,23.56735349248173
5.0,16370,base_model.model.roberta.encoder.layer.21.output.dense.weight,base,18.248913160750156
5.0,16370,base_model.model.roberta.encoder.layer.21.output.dense.weight,delta,1.0164540561620161
5.0,16370,base_model.model.roberta.encoder.layer.21.output.dense.weight,effective,18.250752339645608
5.0,16370,base_model.model.roberta.encoder.layer.22.attention.self.query.weight,base,36.14561126745775
5.0,16370,base_model.model.roberta.encoder.layer.22.attention.self.query.weight,delta,1.0027453916294142
5.0,16370,base_model.model.roberta.encoder.layer.22.attention.self.query.weight,effective,36.1675649221929
5.0,16370,base_model.model.roberta.encoder.layer.22.attention.self.key.weight,base,40.92040908934638
5.0,16370,base_model.model.roberta.encoder.layer.22.attention.self.key.weight,delta,1.8580112028826992
5.0,16370,base_model.model.roberta.encoder.layer.22.attention.self.key.weight,effective,40.951135484912975
5.0,16370,base_model.model.roberta.encoder.layer.22.attention.self.value.weight,base,82.81308503859607
5.0,16370,base_model.model.roberta.encoder.layer.22.attention.self.value.weight,delta,1.7317658358662538
5.0,16370,base_model.model.roberta.encoder.layer.22.attention.self.value.weight,effective,82.79482825185019
5.0,16370,base_model.model.roberta.encoder.layer.22.attention.output.dense.weight,base,13.58594952450877
5.0,16370,base_model.model.roberta.encoder.layer.22.attention.output.dense.weight,delta,1.0688507405645762
5.0,16370,base_model.model.roberta.encoder.layer.22.attention.output.dense.weight,effective,13.591321210869838
5.0,16370,base_model.model.roberta.encoder.layer.22.intermediate.dense.weight,base,24.910133626088907
5.0,16370,base_model.model.roberta.encoder.layer.22.intermediate.dense.weight,delta,1.0087452738938465
5.0,16370,base_model.model.roberta.encoder.layer.22.intermediate.dense.weight,effective,24.865656588386564
5.0,16370,base_model.model.roberta.encoder.layer.22.output.dense.weight,base,25.045894912432924
5.0,16370,base_model.model.roberta.encoder.layer.22.output.dense.weight,delta,1.0381153377471641
5.0,16370,base_model.model.roberta.encoder.layer.22.output.dense.weight,effective,25.056236325415142
5.0,16370,base_model.model.roberta.encoder.layer.23.attention.self.query.weight,base,37.62998506488351
5.0,16370,base_model.model.roberta.encoder.layer.23.attention.self.query.weight,delta,1.0004393500232778
5.0,16370,base_model.model.roberta.encoder.layer.23.attention.self.query.weight,effective,37.67202933201232
5.0,16370,base_model.model.roberta.encoder.layer.23.attention.self.key.weight,base,44.522602587031
5.0,16370,base_model.model.roberta.encoder.layer.23.attention.self.key.weight,delta,1.0508340400136316
5.0,16370,base_model.model.roberta.encoder.layer.23.attention.self.key.weight,effective,44.323385919300634
5.0,16370,base_model.model.roberta.encoder.layer.23.attention.self.value.weight,base,140.48234274667016
5.0,16370,base_model.model.roberta.encoder.layer.23.attention.self.value.weight,delta,1.051336779119347
5.0,16370,base_model.model.roberta.encoder.layer.23.attention.self.value.weight,effective,140.16488580887838
5.0,16370,base_model.model.roberta.encoder.layer.23.attention.output.dense.weight,base,26.479698821973777
5.0,16370,base_model.model.roberta.encoder.layer.23.attention.output.dense.weight,delta,1.0836366666031527
5.0,16370,base_model.model.roberta.encoder.layer.23.attention.output.dense.weight,effective,26.48521668323526
5.0,16370,base_model.model.roberta.encoder.layer.23.intermediate.dense.weight,base,27.593546720529336
5.0,16370,base_model.model.roberta.encoder.layer.23.intermediate.dense.weight,delta,1.1535766672538992
5.0,16370,base_model.model.roberta.encoder.layer.23.intermediate.dense.weight,effective,27.6343859971561
5.0,16370,base_model.model.roberta.encoder.layer.23.output.dense.weight,base,16.276755463995432
5.0,16370,base_model.model.roberta.encoder.layer.23.output.dense.weight,delta,1.2625250955207707
5.0,16370,base_model.model.roberta.encoder.layer.23.output.dense.weight,effective,16.27762478102778
5.0,16370,base_model.model.classifier.original_module.dense.weight,base,259.4320181596651
5.0,16370,base_model.model.classifier.original_module.out_proj.weight,base,2.024922826154574
5.0,16370,base_model.model.classifier.modules_to_save.default.dense.weight,base,40.74207919575525
5.0,16370,base_model.model.classifier.modules_to_save.default.out_proj.weight,base,1.5032684909491003
