epoch,train_loss
1.0,1.2392
2.0,1.3567
3.0,1.0337
4.0,0.897
5.0,0.7162
