epoch,global_step,layer,metric_type,value
1.0,268,base_model.model.roberta.embeddings.word_embeddings.weight,base,2.8762521464546524
1.0,268,base_model.model.roberta.embeddings.position_embeddings.weight,base,1.794806501817938
1.0,268,base_model.model.roberta.embeddings.token_type_embeddings.weight,base,0.0
1.0,268,base_model.model.roberta.encoder.layer.0.attention.self.query.weight,base,65.16850243294316
1.0,268,base_model.model.roberta.encoder.layer.0.attention.self.query.weight,delta,2.164709819483934
1.0,268,base_model.model.roberta.encoder.layer.0.attention.self.query.weight,effective,65.4229411430578
1.0,268,base_model.model.roberta.encoder.layer.0.attention.self.key.weight,base,130.91481538106177
1.0,268,base_model.model.roberta.encoder.layer.0.attention.self.key.weight,delta,2.7865563595431535
1.0,268,base_model.model.roberta.encoder.layer.0.attention.self.key.weight,effective,131.09622726230546
1.0,268,base_model.model.roberta.encoder.layer.0.attention.self.value.weight,base,88.31941014198881
1.0,268,base_model.model.roberta.encoder.layer.0.attention.self.value.weight,delta,1.4091414178517956
1.0,268,base_model.model.roberta.encoder.layer.0.attention.self.value.weight,effective,87.05145466670668
1.0,268,base_model.model.roberta.encoder.layer.0.attention.output.dense.weight,base,5.915947919238045
1.0,268,base_model.model.roberta.encoder.layer.0.attention.output.dense.weight,delta,1.8702468194004072
1.0,268,base_model.model.roberta.encoder.layer.0.attention.output.dense.weight,effective,5.96569624605545
1.0,268,base_model.model.roberta.encoder.layer.0.intermediate.dense.weight,base,7.211772906074545
1.0,268,base_model.model.roberta.encoder.layer.0.intermediate.dense.weight,delta,1.1264455441858179
1.0,268,base_model.model.roberta.encoder.layer.0.intermediate.dense.weight,effective,7.313247383198118
1.0,268,base_model.model.roberta.encoder.layer.0.output.dense.weight,base,45.444507184256565
1.0,268,base_model.model.roberta.encoder.layer.0.output.dense.weight,delta,2.321503358007304
1.0,268,base_model.model.roberta.encoder.layer.0.output.dense.weight,effective,45.73753603626745
1.0,268,base_model.model.roberta.encoder.layer.1.attention.self.query.weight,base,49.83982559284896
1.0,268,base_model.model.roberta.encoder.layer.1.attention.self.query.weight,delta,1.1932764164224747
1.0,268,base_model.model.roberta.encoder.layer.1.attention.self.query.weight,effective,49.72076332727719
1.0,268,base_model.model.roberta.encoder.layer.1.attention.self.key.weight,base,36.683594715722144
1.0,268,base_model.model.roberta.encoder.layer.1.attention.self.key.weight,delta,1.8544624937965248
1.0,268,base_model.model.roberta.encoder.layer.1.attention.self.key.weight,effective,36.253381418947804
1.0,268,base_model.model.roberta.encoder.layer.1.attention.self.value.weight,base,100.83349896198295
1.0,268,base_model.model.roberta.encoder.layer.1.attention.self.value.weight,delta,1.0674140219356638
1.0,268,base_model.model.roberta.encoder.layer.1.attention.self.value.weight,effective,24.600559261918832
1.0,268,base_model.model.roberta.encoder.layer.1.attention.output.dense.weight,base,14.804032969892802
1.0,268,base_model.model.roberta.encoder.layer.1.attention.output.dense.weight,delta,1.3323904863519571
1.0,268,base_model.model.roberta.encoder.layer.1.attention.output.dense.weight,effective,14.994330184534398
1.0,268,base_model.model.roberta.encoder.layer.1.intermediate.dense.weight,base,10.80473028402092
1.0,268,base_model.model.roberta.encoder.layer.1.intermediate.dense.weight,delta,1.0874773554850448
1.0,268,base_model.model.roberta.encoder.layer.1.intermediate.dense.weight,effective,11.631280586081212
1.0,268,base_model.model.roberta.encoder.layer.1.output.dense.weight,base,29.953815799001653
1.0,268,base_model.model.roberta.encoder.layer.1.output.dense.weight,delta,1.1115362494375751
1.0,268,base_model.model.roberta.encoder.layer.1.output.dense.weight,effective,30.13990355551619
1.0,268,base_model.model.roberta.encoder.layer.2.attention.self.query.weight,base,49.94102365282341
1.0,268,base_model.model.roberta.encoder.layer.2.attention.self.query.weight,delta,1.100178059555609
1.0,268,base_model.model.roberta.encoder.layer.2.attention.self.query.weight,effective,50.40228121469827
1.0,268,base_model.model.roberta.encoder.layer.2.attention.self.key.weight,base,56.246165221169115
1.0,268,base_model.model.roberta.encoder.layer.2.attention.self.key.weight,delta,1.6044817405031782
1.0,268,base_model.model.roberta.encoder.layer.2.attention.self.key.weight,effective,56.45081881585746
1.0,268,base_model.model.roberta.encoder.layer.2.attention.self.value.weight,base,53.35955946695758
1.0,268,base_model.model.roberta.encoder.layer.2.attention.self.value.weight,delta,1.061059317150718
1.0,268,base_model.model.roberta.encoder.layer.2.attention.self.value.weight,effective,16.358660561581527
1.0,268,base_model.model.roberta.encoder.layer.2.attention.output.dense.weight,base,14.211729843144505
1.0,268,base_model.model.roberta.encoder.layer.2.attention.output.dense.weight,delta,1.6556997608959085
1.0,268,base_model.model.roberta.encoder.layer.2.attention.output.dense.weight,effective,14.543202057519293
1.0,268,base_model.model.roberta.encoder.layer.2.intermediate.dense.weight,base,14.171262905121031
1.0,268,base_model.model.roberta.encoder.layer.2.intermediate.dense.weight,delta,1.0461869159229056
1.0,268,base_model.model.roberta.encoder.layer.2.intermediate.dense.weight,effective,12.823757540998416
1.0,268,base_model.model.roberta.encoder.layer.2.output.dense.weight,base,27.617960006342027
1.0,268,base_model.model.roberta.encoder.layer.2.output.dense.weight,delta,1.0729030337955707
1.0,268,base_model.model.roberta.encoder.layer.2.output.dense.weight,effective,27.212897326690463
1.0,268,base_model.model.roberta.encoder.layer.3.attention.self.query.weight,base,40.38710324398324
1.0,268,base_model.model.roberta.encoder.layer.3.attention.self.query.weight,delta,1.2247530775491504
1.0,268,base_model.model.roberta.encoder.layer.3.attention.self.query.weight,effective,40.78305198935917
1.0,268,base_model.model.roberta.encoder.layer.3.attention.self.key.weight,base,52.78959322892153
1.0,268,base_model.model.roberta.encoder.layer.3.attention.self.key.weight,delta,1.5323846409887725
1.0,268,base_model.model.roberta.encoder.layer.3.attention.self.key.weight,effective,53.13039292068674
1.0,268,base_model.model.roberta.encoder.layer.3.attention.self.value.weight,base,85.08426624756609
1.0,268,base_model.model.roberta.encoder.layer.3.attention.self.value.weight,delta,1.0134133379349575
1.0,268,base_model.model.roberta.encoder.layer.3.attention.self.value.weight,effective,13.710466850457891
1.0,268,base_model.model.roberta.encoder.layer.3.attention.output.dense.weight,base,21.91678510152632
1.0,268,base_model.model.roberta.encoder.layer.3.attention.output.dense.weight,delta,1.331242236654066
1.0,268,base_model.model.roberta.encoder.layer.3.attention.output.dense.weight,effective,21.255971325797603
1.0,268,base_model.model.roberta.encoder.layer.3.intermediate.dense.weight,base,20.110905845538312
1.0,268,base_model.model.roberta.encoder.layer.3.intermediate.dense.weight,delta,1.0621559053258427
1.0,268,base_model.model.roberta.encoder.layer.3.intermediate.dense.weight,effective,20.269324108379095
1.0,268,base_model.model.roberta.encoder.layer.3.output.dense.weight,base,25.971211357979648
1.0,268,base_model.model.roberta.encoder.layer.3.output.dense.weight,delta,1.119139399702084
1.0,268,base_model.model.roberta.encoder.layer.3.output.dense.weight,effective,25.87745083206148
1.0,268,base_model.model.roberta.encoder.layer.4.attention.self.query.weight,base,16.316341559015992
1.0,268,base_model.model.roberta.encoder.layer.4.attention.self.query.weight,delta,1.0344455122563299
1.0,268,base_model.model.roberta.encoder.layer.4.attention.self.query.weight,effective,16.82379639512718
1.0,268,base_model.model.roberta.encoder.layer.4.attention.self.key.weight,base,61.19224054984023
1.0,268,base_model.model.roberta.encoder.layer.4.attention.self.key.weight,delta,1.7214872752923616
1.0,268,base_model.model.roberta.encoder.layer.4.attention.self.key.weight,effective,60.870506987542484
1.0,268,base_model.model.roberta.encoder.layer.4.attention.self.value.weight,base,105.4275948284823
1.0,268,base_model.model.roberta.encoder.layer.4.attention.self.value.weight,delta,1.0076947496396365
1.0,268,base_model.model.roberta.encoder.layer.4.attention.self.value.weight,effective,8.943934805315802
1.0,268,base_model.model.roberta.encoder.layer.4.attention.output.dense.weight,base,20.803518310365877
1.0,268,base_model.model.roberta.encoder.layer.4.attention.output.dense.weight,delta,1.1885716253860132
1.0,268,base_model.model.roberta.encoder.layer.4.attention.output.dense.weight,effective,21.088537866885257
1.0,268,base_model.model.roberta.encoder.layer.4.intermediate.dense.weight,base,20.02480060993551
1.0,268,base_model.model.roberta.encoder.layer.4.intermediate.dense.weight,delta,1.0567516580890925
1.0,268,base_model.model.roberta.encoder.layer.4.intermediate.dense.weight,effective,20.300741158803977
1.0,268,base_model.model.roberta.encoder.layer.4.output.dense.weight,base,29.728196317360545
1.0,268,base_model.model.roberta.encoder.layer.4.output.dense.weight,delta,1.1575024530267959
1.0,268,base_model.model.roberta.encoder.layer.4.output.dense.weight,effective,29.96317719673729
1.0,268,base_model.model.roberta.encoder.layer.5.attention.self.query.weight,base,11.762495176171988
1.0,268,base_model.model.roberta.encoder.layer.5.attention.self.query.weight,delta,1.0818522438739717
1.0,268,base_model.model.roberta.encoder.layer.5.attention.self.query.weight,effective,11.995113906188655
1.0,268,base_model.model.roberta.encoder.layer.5.attention.self.key.weight,base,61.699005373669515
1.0,268,base_model.model.roberta.encoder.layer.5.attention.self.key.weight,delta,3.678278620172667
1.0,268,base_model.model.roberta.encoder.layer.5.attention.self.key.weight,effective,62.16432864913288
1.0,268,base_model.model.roberta.encoder.layer.5.attention.self.value.weight,base,99.56625816874656
1.0,268,base_model.model.roberta.encoder.layer.5.attention.self.value.weight,delta,1.0165292729541562
1.0,268,base_model.model.roberta.encoder.layer.5.attention.self.value.weight,effective,17.339278097928002
1.0,268,base_model.model.roberta.encoder.layer.5.attention.output.dense.weight,base,26.298959057905314
1.0,268,base_model.model.roberta.encoder.layer.5.attention.output.dense.weight,delta,1.4840133270104203
1.0,268,base_model.model.roberta.encoder.layer.5.attention.output.dense.weight,effective,26.55806635560168
1.0,268,base_model.model.roberta.encoder.layer.5.intermediate.dense.weight,base,20.785218764453894
1.0,268,base_model.model.roberta.encoder.layer.5.intermediate.dense.weight,delta,1.0735545361415606
1.0,268,base_model.model.roberta.encoder.layer.5.intermediate.dense.weight,effective,21.115090044395462
1.0,268,base_model.model.roberta.encoder.layer.5.output.dense.weight,base,35.247083242875256
1.0,268,base_model.model.roberta.encoder.layer.5.output.dense.weight,delta,1.1154402483838035
1.0,268,base_model.model.roberta.encoder.layer.5.output.dense.weight,effective,35.73549825375998
1.0,268,base_model.model.roberta.encoder.layer.6.attention.self.query.weight,base,14.075301678596741
1.0,268,base_model.model.roberta.encoder.layer.6.attention.self.query.weight,delta,1.1776366804363658
1.0,268,base_model.model.roberta.encoder.layer.6.attention.self.query.weight,effective,14.211747134372635
1.0,268,base_model.model.roberta.encoder.layer.6.attention.self.key.weight,base,66.43951114473974
1.0,268,base_model.model.roberta.encoder.layer.6.attention.self.key.weight,delta,2.357172861173188
1.0,268,base_model.model.roberta.encoder.layer.6.attention.self.key.weight,effective,66.81717175127761
1.0,268,base_model.model.roberta.encoder.layer.6.attention.self.value.weight,base,90.24191649634543
1.0,268,base_model.model.roberta.encoder.layer.6.attention.self.value.weight,delta,1.015319326912261
1.0,268,base_model.model.roberta.encoder.layer.6.attention.self.value.weight,effective,18.111946165181735
1.0,268,base_model.model.roberta.encoder.layer.6.attention.output.dense.weight,base,29.94873534068194
1.0,268,base_model.model.roberta.encoder.layer.6.attention.output.dense.weight,delta,1.7400562488434665
1.0,268,base_model.model.roberta.encoder.layer.6.attention.output.dense.weight,effective,30.308667242128326
1.0,268,base_model.model.roberta.encoder.layer.6.intermediate.dense.weight,base,22.03994696544542
1.0,268,base_model.model.roberta.encoder.layer.6.intermediate.dense.weight,delta,1.0358769652320499
1.0,268,base_model.model.roberta.encoder.layer.6.intermediate.dense.weight,effective,21.600913195258634
1.0,268,base_model.model.roberta.encoder.layer.6.output.dense.weight,base,32.14799086383212
1.0,268,base_model.model.roberta.encoder.layer.6.output.dense.weight,delta,1.0159771362836338
1.0,268,base_model.model.roberta.encoder.layer.6.output.dense.weight,effective,21.8349275725291
1.0,268,base_model.model.roberta.encoder.layer.7.attention.self.query.weight,base,14.658838567416794
1.0,268,base_model.model.roberta.encoder.layer.7.attention.self.query.weight,delta,1.0685915444978726
1.0,268,base_model.model.roberta.encoder.layer.7.attention.self.query.weight,effective,14.861373878407337
1.0,268,base_model.model.roberta.encoder.layer.7.attention.self.key.weight,base,70.99344042385209
1.0,268,base_model.model.roberta.encoder.layer.7.attention.self.key.weight,delta,1.8713650962692248
1.0,268,base_model.model.roberta.encoder.layer.7.attention.self.key.weight,effective,71.03054785823731
1.0,268,base_model.model.roberta.encoder.layer.7.attention.self.value.weight,base,77.89752183447247
1.0,268,base_model.model.roberta.encoder.layer.7.attention.self.value.weight,delta,1.0142095591169962
1.0,268,base_model.model.roberta.encoder.layer.7.attention.self.value.weight,effective,17.600000527396258
1.0,268,base_model.model.roberta.encoder.layer.7.attention.output.dense.weight,base,26.25258171912584
1.0,268,base_model.model.roberta.encoder.layer.7.attention.output.dense.weight,delta,1.4358135035623665
1.0,268,base_model.model.roberta.encoder.layer.7.attention.output.dense.weight,effective,26.688749924962437
1.0,268,base_model.model.roberta.encoder.layer.7.intermediate.dense.weight,base,21.184176643360725
1.0,268,base_model.model.roberta.encoder.layer.7.intermediate.dense.weight,delta,1.0582076247866583
1.0,268,base_model.model.roberta.encoder.layer.7.intermediate.dense.weight,effective,21.524979228877022
1.0,268,base_model.model.roberta.encoder.layer.7.output.dense.weight,base,30.771296447145282
1.0,268,base_model.model.roberta.encoder.layer.7.output.dense.weight,delta,1.1052522704980394
1.0,268,base_model.model.roberta.encoder.layer.7.output.dense.weight,effective,31.091103249885997
1.0,268,base_model.model.roberta.encoder.layer.8.attention.self.query.weight,base,19.554995123435056
1.0,268,base_model.model.roberta.encoder.layer.8.attention.self.query.weight,delta,1.0408857984912006
1.0,268,base_model.model.roberta.encoder.layer.8.attention.self.query.weight,effective,19.495809583421558
1.0,268,base_model.model.roberta.encoder.layer.8.attention.self.key.weight,base,72.46252770643032
1.0,268,base_model.model.roberta.encoder.layer.8.attention.self.key.weight,delta,2.659612247821728
1.0,268,base_model.model.roberta.encoder.layer.8.attention.self.key.weight,effective,72.80668695572872
1.0,268,base_model.model.roberta.encoder.layer.8.attention.self.value.weight,base,68.24090761427492
1.0,268,base_model.model.roberta.encoder.layer.8.attention.self.value.weight,delta,1.0141502598782972
1.0,268,base_model.model.roberta.encoder.layer.8.attention.self.value.weight,effective,16.499043576324038
1.0,268,base_model.model.roberta.encoder.layer.8.attention.output.dense.weight,base,25.215026114384766
1.0,268,base_model.model.roberta.encoder.layer.8.attention.output.dense.weight,delta,1.8049047691801008
1.0,268,base_model.model.roberta.encoder.layer.8.attention.output.dense.weight,effective,25.407931231049957
1.0,268,base_model.model.roberta.encoder.layer.8.intermediate.dense.weight,base,22.94873607984339
1.0,268,base_model.model.roberta.encoder.layer.8.intermediate.dense.weight,delta,1.0446771005850217
1.0,268,base_model.model.roberta.encoder.layer.8.intermediate.dense.weight,effective,23.519772451715376
1.0,268,base_model.model.roberta.encoder.layer.8.output.dense.weight,base,33.20090685709213
1.0,268,base_model.model.roberta.encoder.layer.8.output.dense.weight,delta,1.136469131316163
1.0,268,base_model.model.roberta.encoder.layer.8.output.dense.weight,effective,33.64623876542245
1.0,268,base_model.model.roberta.encoder.layer.9.attention.self.query.weight,base,14.074112128999012
1.0,268,base_model.model.roberta.encoder.layer.9.attention.self.query.weight,delta,1.0565919434637385
1.0,268,base_model.model.roberta.encoder.layer.9.attention.self.query.weight,effective,14.298274502222014
1.0,268,base_model.model.roberta.encoder.layer.9.attention.self.key.weight,base,82.21456241058715
1.0,268,base_model.model.roberta.encoder.layer.9.attention.self.key.weight,delta,4.613286183580401
1.0,268,base_model.model.roberta.encoder.layer.9.attention.self.key.weight,effective,82.62258454948581
1.0,268,base_model.model.roberta.encoder.layer.9.attention.self.value.weight,base,94.15371923486272
1.0,268,base_model.model.roberta.encoder.layer.9.attention.self.value.weight,delta,1.0135703519219885
1.0,268,base_model.model.roberta.encoder.layer.9.attention.self.value.weight,effective,19.5926747368105
1.0,268,base_model.model.roberta.encoder.layer.9.attention.output.dense.weight,base,27.16329966608273
1.0,268,base_model.model.roberta.encoder.layer.9.attention.output.dense.weight,delta,1.9555988353348193
1.0,268,base_model.model.roberta.encoder.layer.9.attention.output.dense.weight,effective,27.410977055046068
1.0,268,base_model.model.roberta.encoder.layer.9.intermediate.dense.weight,base,22.8722040849843
1.0,268,base_model.model.roberta.encoder.layer.9.intermediate.dense.weight,delta,1.0268743713379715
1.0,268,base_model.model.roberta.encoder.layer.9.intermediate.dense.weight,effective,21.381960550615677
1.0,268,base_model.model.roberta.encoder.layer.9.output.dense.weight,base,31.291706379686776
1.0,268,base_model.model.roberta.encoder.layer.9.output.dense.weight,delta,1.0428769963263285
1.0,268,base_model.model.roberta.encoder.layer.9.output.dense.weight,effective,31.610971110969352
1.0,268,base_model.model.roberta.encoder.layer.10.attention.self.query.weight,base,43.93787210542925
1.0,268,base_model.model.roberta.encoder.layer.10.attention.self.query.weight,delta,1.0363339592107872
1.0,268,base_model.model.roberta.encoder.layer.10.attention.self.query.weight,effective,44.1926401331355
1.0,268,base_model.model.roberta.encoder.layer.10.attention.self.key.weight,base,84.34775663528752
1.0,268,base_model.model.roberta.encoder.layer.10.attention.self.key.weight,delta,3.6396431804994465
1.0,268,base_model.model.roberta.encoder.layer.10.attention.self.key.weight,effective,84.55690589142596
1.0,268,base_model.model.roberta.encoder.layer.10.attention.self.value.weight,base,95.82444154352557
1.0,268,base_model.model.roberta.encoder.layer.10.attention.self.value.weight,delta,1.0134563178726577
1.0,268,base_model.model.roberta.encoder.layer.10.attention.self.value.weight,effective,16.215590113265787
1.0,268,base_model.model.roberta.encoder.layer.10.attention.output.dense.weight,base,25.41130698429029
1.0,268,base_model.model.roberta.encoder.layer.10.attention.output.dense.weight,delta,1.2328180604134773
1.0,268,base_model.model.roberta.encoder.layer.10.attention.output.dense.weight,effective,25.92446677026806
1.0,268,base_model.model.roberta.encoder.layer.10.intermediate.dense.weight,base,23.61416247632014
1.0,268,base_model.model.roberta.encoder.layer.10.intermediate.dense.weight,delta,1.0296994895588802
1.0,268,base_model.model.roberta.encoder.layer.10.intermediate.dense.weight,effective,21.99618823245578
1.0,268,base_model.model.roberta.encoder.layer.10.output.dense.weight,base,28.482765434223122
1.0,268,base_model.model.roberta.encoder.layer.10.output.dense.weight,delta,1.3869137588345437
1.0,268,base_model.model.roberta.encoder.layer.10.output.dense.weight,effective,28.653193345381702
1.0,268,base_model.model.roberta.encoder.layer.11.attention.self.query.weight,base,42.711296516148266
1.0,268,base_model.model.roberta.encoder.layer.11.attention.self.query.weight,delta,1.0957782604586779
1.0,268,base_model.model.roberta.encoder.layer.11.attention.self.query.weight,effective,43.01051928613696
1.0,268,base_model.model.roberta.encoder.layer.11.attention.self.key.weight,base,89.36574388593367
1.0,268,base_model.model.roberta.encoder.layer.11.attention.self.key.weight,delta,1.924998866133209
1.0,268,base_model.model.roberta.encoder.layer.11.attention.self.key.weight,effective,90.49747410525408
1.0,268,base_model.model.roberta.encoder.layer.11.attention.self.value.weight,base,91.12228329898201
1.0,268,base_model.model.roberta.encoder.layer.11.attention.self.value.weight,delta,1.0173499839559828
1.0,268,base_model.model.roberta.encoder.layer.11.attention.self.value.weight,effective,24.30315476015987
1.0,268,base_model.model.roberta.encoder.layer.11.attention.output.dense.weight,base,23.711106828708598
1.0,268,base_model.model.roberta.encoder.layer.11.attention.output.dense.weight,delta,1.5942392071389806
1.0,268,base_model.model.roberta.encoder.layer.11.attention.output.dense.weight,effective,23.983473944438213
1.0,268,base_model.model.roberta.encoder.layer.11.intermediate.dense.weight,base,23.921582739751972
1.0,268,base_model.model.roberta.encoder.layer.11.intermediate.dense.weight,delta,1.085352548741884
1.0,268,base_model.model.roberta.encoder.layer.11.intermediate.dense.weight,effective,24.057680206244807
1.0,268,base_model.model.roberta.encoder.layer.11.output.dense.weight,base,32.25425665985377
1.0,268,base_model.model.roberta.encoder.layer.11.output.dense.weight,delta,2.343972059968051
1.0,268,base_model.model.roberta.encoder.layer.11.output.dense.weight,effective,32.39666568254713
1.0,268,base_model.model.roberta.encoder.layer.12.attention.self.query.weight,base,19.80133963517949
1.0,268,base_model.model.roberta.encoder.layer.12.attention.self.query.weight,delta,1.056636324896497
1.0,268,base_model.model.roberta.encoder.layer.12.attention.self.query.weight,effective,20.073162131153037
1.0,268,base_model.model.roberta.encoder.layer.12.attention.self.key.weight,base,59.51423417589006
1.0,268,base_model.model.roberta.encoder.layer.12.attention.self.key.weight,delta,3.4349125642287586
1.0,268,base_model.model.roberta.encoder.layer.12.attention.self.key.weight,effective,59.56232033946901
1.0,268,base_model.model.roberta.encoder.layer.12.attention.self.value.weight,base,104.55182735098823
1.0,268,base_model.model.roberta.encoder.layer.12.attention.self.value.weight,delta,1.1104467096282036
1.0,268,base_model.model.roberta.encoder.layer.12.attention.self.value.weight,effective,38.53061383048326
1.0,268,base_model.model.roberta.encoder.layer.12.attention.output.dense.weight,base,31.68961963951198
1.0,268,base_model.model.roberta.encoder.layer.12.attention.output.dense.weight,delta,1.226741299211926
1.0,268,base_model.model.roberta.encoder.layer.12.attention.output.dense.weight,effective,32.2889221026835
1.0,268,base_model.model.roberta.encoder.layer.12.intermediate.dense.weight,base,23.306472149343517
1.0,268,base_model.model.roberta.encoder.layer.12.intermediate.dense.weight,delta,1.098836545937783
1.0,268,base_model.model.roberta.encoder.layer.12.intermediate.dense.weight,effective,23.664633102056367
1.0,268,base_model.model.roberta.encoder.layer.12.output.dense.weight,base,33.73366981573814
1.0,268,base_model.model.roberta.encoder.layer.12.output.dense.weight,delta,1.046718242422011
1.0,268,base_model.model.roberta.encoder.layer.12.output.dense.weight,effective,34.06050179738854
1.0,268,base_model.model.roberta.encoder.layer.13.attention.self.query.weight,base,19.42719294240054
1.0,268,base_model.model.roberta.encoder.layer.13.attention.self.query.weight,delta,1.1325929112068536
1.0,268,base_model.model.roberta.encoder.layer.13.attention.self.query.weight,effective,19.31685971446052
1.0,268,base_model.model.roberta.encoder.layer.13.attention.self.key.weight,base,89.34542298597442
1.0,268,base_model.model.roberta.encoder.layer.13.attention.self.key.weight,delta,2.858278654711672
1.0,268,base_model.model.roberta.encoder.layer.13.attention.self.key.weight,effective,90.04594215354051
1.0,268,base_model.model.roberta.encoder.layer.13.attention.self.value.weight,base,103.98533663905238
1.0,268,base_model.model.roberta.encoder.layer.13.attention.self.value.weight,delta,1.0410362993032627
1.0,268,base_model.model.roberta.encoder.layer.13.attention.self.value.weight,effective,32.047720482873494
1.0,268,base_model.model.roberta.encoder.layer.13.attention.output.dense.weight,base,31.930869183442315
1.0,268,base_model.model.roberta.encoder.layer.13.attention.output.dense.weight,delta,1.4841903708133337
1.0,268,base_model.model.roberta.encoder.layer.13.attention.output.dense.weight,effective,32.25481244487997
1.0,268,base_model.model.roberta.encoder.layer.13.intermediate.dense.weight,base,21.4924861033959
1.0,268,base_model.model.roberta.encoder.layer.13.intermediate.dense.weight,delta,1.0803507543633128
1.0,268,base_model.model.roberta.encoder.layer.13.intermediate.dense.weight,effective,21.690892797033186
1.0,268,base_model.model.roberta.encoder.layer.13.output.dense.weight,base,38.45666001020537
1.0,268,base_model.model.roberta.encoder.layer.13.output.dense.weight,delta,1.139538047957493
1.0,268,base_model.model.roberta.encoder.layer.13.output.dense.weight,effective,38.62960582573203
1.0,268,base_model.model.roberta.encoder.layer.14.attention.self.query.weight,base,14.950092836443968
1.0,268,base_model.model.roberta.encoder.layer.14.attention.self.query.weight,delta,1.0466035542006513
1.0,268,base_model.model.roberta.encoder.layer.14.attention.self.query.weight,effective,15.091353373300324
1.0,268,base_model.model.roberta.encoder.layer.14.attention.self.key.weight,base,69.63970689456136
1.0,268,base_model.model.roberta.encoder.layer.14.attention.self.key.weight,delta,1.789678356958252
1.0,268,base_model.model.roberta.encoder.layer.14.attention.self.key.weight,effective,70.30797018680512
1.0,268,base_model.model.roberta.encoder.layer.14.attention.self.value.weight,base,105.91215913275136
1.0,268,base_model.model.roberta.encoder.layer.14.attention.self.value.weight,delta,1.0362105075510857
1.0,268,base_model.model.roberta.encoder.layer.14.attention.self.value.weight,effective,36.81335160548733
1.0,268,base_model.model.roberta.encoder.layer.14.attention.output.dense.weight,base,34.19242653847588
1.0,268,base_model.model.roberta.encoder.layer.14.attention.output.dense.weight,delta,2.634691792928435
1.0,268,base_model.model.roberta.encoder.layer.14.attention.output.dense.weight,effective,34.5117801459709
1.0,268,base_model.model.roberta.encoder.layer.14.intermediate.dense.weight,base,20.798387110600416
1.0,268,base_model.model.roberta.encoder.layer.14.intermediate.dense.weight,delta,1.1473016971234142
1.0,268,base_model.model.roberta.encoder.layer.14.intermediate.dense.weight,effective,20.976064470508103
1.0,268,base_model.model.roberta.encoder.layer.14.output.dense.weight,base,20.652845573172012
1.0,268,base_model.model.roberta.encoder.layer.14.output.dense.weight,delta,1.2001703934213637
1.0,268,base_model.model.roberta.encoder.layer.14.output.dense.weight,effective,20.777588886016137
1.0,268,base_model.model.roberta.encoder.layer.15.attention.self.query.weight,base,31.91981094559281
1.0,268,base_model.model.roberta.encoder.layer.15.attention.self.query.weight,delta,1.0427566553577112
1.0,268,base_model.model.roberta.encoder.layer.15.attention.self.query.weight,effective,31.275681893128482
1.0,268,base_model.model.roberta.encoder.layer.15.attention.self.key.weight,base,79.51391215956669
1.0,268,base_model.model.roberta.encoder.layer.15.attention.self.key.weight,delta,1.1024543601117784
1.0,268,base_model.model.roberta.encoder.layer.15.attention.self.key.weight,effective,50.62774869689853
1.0,268,base_model.model.roberta.encoder.layer.15.attention.self.value.weight,base,104.47581356199453
1.0,268,base_model.model.roberta.encoder.layer.15.attention.self.value.weight,delta,1.0297324878228393
1.0,268,base_model.model.roberta.encoder.layer.15.attention.self.value.weight,effective,25.120507836005064
1.0,268,base_model.model.roberta.encoder.layer.15.attention.output.dense.weight,base,15.276684828215696
1.0,268,base_model.model.roberta.encoder.layer.15.attention.output.dense.weight,delta,1.2239438319472715
1.0,268,base_model.model.roberta.encoder.layer.15.attention.output.dense.weight,effective,15.7469715180774
1.0,268,base_model.model.roberta.encoder.layer.15.intermediate.dense.weight,base,25.351985666495665
1.0,268,base_model.model.roberta.encoder.layer.15.intermediate.dense.weight,delta,1.2523343887700906
1.0,268,base_model.model.roberta.encoder.layer.15.intermediate.dense.weight,effective,25.705390649774824
1.0,268,base_model.model.roberta.encoder.layer.15.output.dense.weight,base,18.276873411306507
1.0,268,base_model.model.roberta.encoder.layer.15.output.dense.weight,delta,1.0215266626489077
1.0,268,base_model.model.roberta.encoder.layer.15.output.dense.weight,effective,19.651031614716576
1.0,268,base_model.model.roberta.encoder.layer.16.attention.self.query.weight,base,78.90741647514638
1.0,268,base_model.model.roberta.encoder.layer.16.attention.self.query.weight,delta,1.0575355686250354
1.0,268,base_model.model.roberta.encoder.layer.16.attention.self.query.weight,effective,34.49994458791524
1.0,268,base_model.model.roberta.encoder.layer.16.attention.self.key.weight,base,87.61963184012855
1.0,268,base_model.model.roberta.encoder.layer.16.attention.self.key.weight,delta,1.255972563464527
1.0,268,base_model.model.roberta.encoder.layer.16.attention.self.key.weight,effective,86.57950045861517
1.0,268,base_model.model.roberta.encoder.layer.16.attention.self.value.weight,base,97.07574430485145
1.0,268,base_model.model.roberta.encoder.layer.16.attention.self.value.weight,delta,1.007313189631648
1.0,268,base_model.model.roberta.encoder.layer.16.attention.self.value.weight,effective,8.860192190447085
1.0,268,base_model.model.roberta.encoder.layer.16.attention.output.dense.weight,base,14.660626448700963
1.0,268,base_model.model.roberta.encoder.layer.16.attention.output.dense.weight,delta,1.1940054007838836
1.0,268,base_model.model.roberta.encoder.layer.16.attention.output.dense.weight,effective,15.190792737301672
1.0,268,base_model.model.roberta.encoder.layer.16.intermediate.dense.weight,base,31.375570204423624
1.0,268,base_model.model.roberta.encoder.layer.16.intermediate.dense.weight,delta,1.1023084266670327
1.0,268,base_model.model.roberta.encoder.layer.16.intermediate.dense.weight,effective,31.164109901799865
1.0,268,base_model.model.roberta.encoder.layer.16.output.dense.weight,base,17.030436723646925
1.0,268,base_model.model.roberta.encoder.layer.16.output.dense.weight,delta,1.2285199444094104
1.0,268,base_model.model.roberta.encoder.layer.16.output.dense.weight,effective,15.55491575901945
1.0,268,base_model.model.roberta.encoder.layer.17.attention.self.query.weight,base,70.1967671110762
1.0,268,base_model.model.roberta.encoder.layer.17.attention.self.query.weight,delta,1.177406556936679
1.0,268,base_model.model.roberta.encoder.layer.17.attention.self.query.weight,effective,66.7539348030214
1.0,268,base_model.model.roberta.encoder.layer.17.attention.self.key.weight,base,76.19706060450874
1.0,268,base_model.model.roberta.encoder.layer.17.attention.self.key.weight,delta,2.5674598987273316
1.0,268,base_model.model.roberta.encoder.layer.17.attention.self.key.weight,effective,76.4833970538177
1.0,268,base_model.model.roberta.encoder.layer.17.attention.self.value.weight,base,118.53882569591501
1.0,268,base_model.model.roberta.encoder.layer.17.attention.self.value.weight,delta,1.0057880930229477
1.0,268,base_model.model.roberta.encoder.layer.17.attention.self.value.weight,effective,9.552791646506204
1.0,268,base_model.model.roberta.encoder.layer.17.attention.output.dense.weight,base,19.10130545413139
1.0,268,base_model.model.roberta.encoder.layer.17.attention.output.dense.weight,delta,1.046785350016029
1.0,268,base_model.model.roberta.encoder.layer.17.attention.output.dense.weight,effective,14.718869919373075
1.0,268,base_model.model.roberta.encoder.layer.17.intermediate.dense.weight,base,33.29412874555674
1.0,268,base_model.model.roberta.encoder.layer.17.intermediate.dense.weight,delta,1.1047582931729716
1.0,268,base_model.model.roberta.encoder.layer.17.intermediate.dense.weight,effective,33.740901242030134
1.0,268,base_model.model.roberta.encoder.layer.17.output.dense.weight,base,22.110656474802994
1.0,268,base_model.model.roberta.encoder.layer.17.output.dense.weight,delta,1.17156173634716
1.0,268,base_model.model.roberta.encoder.layer.17.output.dense.weight,effective,21.789900133517232
1.0,268,base_model.model.roberta.encoder.layer.18.attention.self.query.weight,base,73.4326767419924
1.0,268,base_model.model.roberta.encoder.layer.18.attention.self.query.weight,delta,1.0326125475809866
1.0,268,base_model.model.roberta.encoder.layer.18.attention.self.query.weight,effective,29.843116285181623
1.0,268,base_model.model.roberta.encoder.layer.18.attention.self.key.weight,base,80.37733857175729
1.0,268,base_model.model.roberta.encoder.layer.18.attention.self.key.weight,delta,1.97677142004209
1.0,268,base_model.model.roberta.encoder.layer.18.attention.self.key.weight,effective,80.52507578779893
1.0,268,base_model.model.roberta.encoder.layer.18.attention.self.value.weight,base,113.07689369586087
1.0,268,base_model.model.roberta.encoder.layer.18.attention.self.value.weight,delta,1.0400740665627086
1.0,268,base_model.model.roberta.encoder.layer.18.attention.self.value.weight,effective,18.804494873033043
1.0,268,base_model.model.roberta.encoder.layer.18.attention.output.dense.weight,base,18.028766680307434
1.0,268,base_model.model.roberta.encoder.layer.18.attention.output.dense.weight,delta,1.1057692831188484
1.0,268,base_model.model.roberta.encoder.layer.18.attention.output.dense.weight,effective,13.857345699776753
1.0,268,base_model.model.roberta.encoder.layer.18.intermediate.dense.weight,base,32.6844872681259
1.0,268,base_model.model.roberta.encoder.layer.18.intermediate.dense.weight,delta,1.0459003414145962
1.0,268,base_model.model.roberta.encoder.layer.18.intermediate.dense.weight,effective,10.329510586622222
1.0,268,base_model.model.roberta.encoder.layer.18.output.dense.weight,base,21.433488387626884
1.0,268,base_model.model.roberta.encoder.layer.18.output.dense.weight,delta,1.0721587429266763
1.0,268,base_model.model.roberta.encoder.layer.18.output.dense.weight,effective,6.0278967720718954
1.0,268,base_model.model.roberta.encoder.layer.19.attention.self.query.weight,base,92.59084682443176
1.0,268,base_model.model.roberta.encoder.layer.19.attention.self.query.weight,delta,1.1230905050600735
1.0,268,base_model.model.roberta.encoder.layer.19.attention.self.query.weight,effective,10.201977501987182
1.0,268,base_model.model.roberta.encoder.layer.19.attention.self.key.weight,base,70.02834221049284
1.0,268,base_model.model.roberta.encoder.layer.19.attention.self.key.weight,delta,1.1801119019480433
1.0,268,base_model.model.roberta.encoder.layer.19.attention.self.key.weight,effective,17.034339686835313
1.0,268,base_model.model.roberta.encoder.layer.19.attention.self.value.weight,base,156.64708687234096
1.0,268,base_model.model.roberta.encoder.layer.19.attention.self.value.weight,delta,1.0565707267177755
1.0,268,base_model.model.roberta.encoder.layer.19.attention.self.value.weight,effective,7.4117566674415825
1.0,268,base_model.model.roberta.encoder.layer.19.attention.output.dense.weight,base,17.494144024820685
1.0,268,base_model.model.roberta.encoder.layer.19.attention.output.dense.weight,delta,1.0366718046384942
1.0,268,base_model.model.roberta.encoder.layer.19.attention.output.dense.weight,effective,2.087441280976954
1.0,268,base_model.model.roberta.encoder.layer.19.intermediate.dense.weight,base,28.92210384099705
1.0,268,base_model.model.roberta.encoder.layer.19.intermediate.dense.weight,delta,1.0194900449988793
1.0,268,base_model.model.roberta.encoder.layer.19.intermediate.dense.weight,effective,2.0214827209569086
1.0,268,base_model.model.roberta.encoder.layer.19.output.dense.weight,base,19.716475538939285
1.0,268,base_model.model.roberta.encoder.layer.19.output.dense.weight,delta,1.0636601959028182
1.0,268,base_model.model.roberta.encoder.layer.19.output.dense.weight,effective,1.6492774382229725
1.0,268,base_model.model.roberta.encoder.layer.20.attention.self.query.weight,base,77.2070215501793
1.0,268,base_model.model.roberta.encoder.layer.20.attention.self.query.weight,delta,1.0408091663986054
1.0,268,base_model.model.roberta.encoder.layer.20.attention.self.query.weight,effective,7.226384147633402
1.0,268,base_model.model.roberta.encoder.layer.20.attention.self.key.weight,base,54.8302367686625
1.0,268,base_model.model.roberta.encoder.layer.20.attention.self.key.weight,delta,1.0164926923052287
1.0,268,base_model.model.roberta.encoder.layer.20.attention.self.key.weight,effective,3.107710467992083
1.0,268,base_model.model.roberta.encoder.layer.20.attention.self.value.weight,base,108.43384596250647
1.0,268,base_model.model.roberta.encoder.layer.20.attention.self.value.weight,delta,1.0219587972653605
1.0,268,base_model.model.roberta.encoder.layer.20.attention.self.value.weight,effective,1.30916770854081
1.0,268,base_model.model.roberta.encoder.layer.20.attention.output.dense.weight,base,15.783675262019102
1.0,268,base_model.model.roberta.encoder.layer.20.attention.output.dense.weight,delta,1.013866278102546
1.0,268,base_model.model.roberta.encoder.layer.20.attention.output.dense.weight,effective,1.1096173274905223
1.0,268,base_model.model.roberta.encoder.layer.20.intermediate.dense.weight,base,24.95680646951418
1.0,268,base_model.model.roberta.encoder.layer.20.intermediate.dense.weight,delta,1.2440853490500052
1.0,268,base_model.model.roberta.encoder.layer.20.intermediate.dense.weight,effective,3.9643574432480384
1.0,268,base_model.model.roberta.encoder.layer.20.output.dense.weight,base,18.867906855073496
1.0,268,base_model.model.roberta.encoder.layer.20.output.dense.weight,delta,1.0335482108669996
1.0,268,base_model.model.roberta.encoder.layer.20.output.dense.weight,effective,1.3146831355516535
1.0,268,base_model.model.roberta.encoder.layer.21.attention.self.query.weight,base,49.271407326276666
1.0,268,base_model.model.roberta.encoder.layer.21.attention.self.query.weight,delta,1.1293217387036212
1.0,268,base_model.model.roberta.encoder.layer.21.attention.self.query.weight,effective,4.266403178814539
1.0,268,base_model.model.roberta.encoder.layer.21.attention.self.key.weight,base,57.11420031170095
1.0,268,base_model.model.roberta.encoder.layer.21.attention.self.key.weight,delta,1.0502089125044654
1.0,268,base_model.model.roberta.encoder.layer.21.attention.self.key.weight,effective,2.932598061459858
1.0,268,base_model.model.roberta.encoder.layer.21.attention.self.value.weight,base,88.20789990778927
1.0,268,base_model.model.roberta.encoder.layer.21.attention.self.value.weight,delta,1.0331655931710848
1.0,268,base_model.model.roberta.encoder.layer.21.attention.self.value.weight,effective,1.5008118137148891
1.0,268,base_model.model.roberta.encoder.layer.21.attention.output.dense.weight,base,17.47041927386182
1.0,268,base_model.model.roberta.encoder.layer.21.attention.output.dense.weight,delta,1.1933468468466515
1.0,268,base_model.model.roberta.encoder.layer.21.attention.output.dense.weight,effective,1.652624963085807
1.0,268,base_model.model.roberta.encoder.layer.21.intermediate.dense.weight,base,23.56764144333285
1.0,268,base_model.model.roberta.encoder.layer.21.intermediate.dense.weight,delta,1.1716031496405253
1.0,268,base_model.model.roberta.encoder.layer.21.intermediate.dense.weight,effective,2.0872744833587404
1.0,268,base_model.model.roberta.encoder.layer.21.output.dense.weight,base,18.248913160750156
1.0,268,base_model.model.roberta.encoder.layer.21.output.dense.weight,delta,1.1498297773711614
1.0,268,base_model.model.roberta.encoder.layer.21.output.dense.weight,effective,1.6003643609531402
1.0,268,base_model.model.roberta.encoder.layer.22.attention.self.query.weight,base,36.14561126745775
1.0,268,base_model.model.roberta.encoder.layer.22.attention.self.query.weight,delta,1.204861391674742
1.0,268,base_model.model.roberta.encoder.layer.22.attention.self.query.weight,effective,2.6970192107711966
1.0,268,base_model.model.roberta.encoder.layer.22.attention.self.key.weight,base,40.92040908934638
1.0,268,base_model.model.roberta.encoder.layer.22.attention.self.key.weight,delta,1.1654783347688344
1.0,268,base_model.model.roberta.encoder.layer.22.attention.self.key.weight,effective,4.416842098521133
1.0,268,base_model.model.roberta.encoder.layer.22.attention.self.value.weight,base,82.81308503859607
1.0,268,base_model.model.roberta.encoder.layer.22.attention.self.value.weight,delta,1.0555012469301785
1.0,268,base_model.model.roberta.encoder.layer.22.attention.self.value.weight,effective,1.5460455566551183
1.0,268,base_model.model.roberta.encoder.layer.22.attention.output.dense.weight,base,13.58594952450877
1.0,268,base_model.model.roberta.encoder.layer.22.attention.output.dense.weight,delta,1.2752254181510008
1.0,268,base_model.model.roberta.encoder.layer.22.attention.output.dense.weight,effective,1.8267785057917854
1.0,268,base_model.model.roberta.encoder.layer.22.intermediate.dense.weight,base,24.910133626088907
1.0,268,base_model.model.roberta.encoder.layer.22.intermediate.dense.weight,delta,1.5720102380218062
1.0,268,base_model.model.roberta.encoder.layer.22.intermediate.dense.weight,effective,2.7148398433375602
1.0,268,base_model.model.roberta.encoder.layer.22.output.dense.weight,base,25.045894912432924
1.0,268,base_model.model.roberta.encoder.layer.22.output.dense.weight,delta,1.0911122536099
1.0,268,base_model.model.roberta.encoder.layer.22.output.dense.weight,effective,1.6704131841082812
1.0,268,base_model.model.roberta.encoder.layer.23.attention.self.query.weight,base,37.62998506488351
1.0,268,base_model.model.roberta.encoder.layer.23.attention.self.query.weight,delta,1.1112025385365907
1.0,268,base_model.model.roberta.encoder.layer.23.attention.self.query.weight,effective,1.5735562765968925
1.0,268,base_model.model.roberta.encoder.layer.23.attention.self.key.weight,base,44.522602587031
1.0,268,base_model.model.roberta.encoder.layer.23.attention.self.key.weight,delta,1.3261649769164978
1.0,268,base_model.model.roberta.encoder.layer.23.attention.self.key.weight,effective,2.47738917619757
1.0,268,base_model.model.roberta.encoder.layer.23.attention.self.value.weight,base,140.48234274667016
1.0,268,base_model.model.roberta.encoder.layer.23.attention.self.value.weight,delta,1.0015074484006583
1.0,268,base_model.model.roberta.encoder.layer.23.attention.self.value.weight,effective,1.3348800479951435
1.0,268,base_model.model.roberta.encoder.layer.23.attention.output.dense.weight,base,26.479698821973777
1.0,268,base_model.model.roberta.encoder.layer.23.attention.output.dense.weight,delta,1.063792193846559
1.0,268,base_model.model.roberta.encoder.layer.23.attention.output.dense.weight,effective,1.3585701149167886
1.0,268,base_model.model.roberta.encoder.layer.23.intermediate.dense.weight,base,27.593546720529336
1.0,268,base_model.model.roberta.encoder.layer.23.intermediate.dense.weight,delta,1.0226963410587477
1.0,268,base_model.model.roberta.encoder.layer.23.intermediate.dense.weight,effective,1.1236919519845538
1.0,268,base_model.model.roberta.encoder.layer.23.output.dense.weight,base,16.276755463995432
1.0,268,base_model.model.roberta.encoder.layer.23.output.dense.weight,delta,1.0951305868377301
1.0,268,base_model.model.roberta.encoder.layer.23.output.dense.weight,effective,2.649180846472259
1.0,268,base_model.model.classifier.original_module.dense.weight,base,258.8424339753757
1.0,268,base_model.model.classifier.original_module.out_proj.weight,base,1.961009110086757
1.0,268,base_model.model.classifier.modules_to_save.default.dense.weight,base,6.7109358740374745
1.0,268,base_model.model.classifier.modules_to_save.default.out_proj.weight,base,1.4743621168552876
2.0,536,base_model.model.roberta.embeddings.word_embeddings.weight,base,2.8762521464546524
2.0,536,base_model.model.roberta.embeddings.position_embeddings.weight,base,1.794806501817938
2.0,536,base_model.model.roberta.embeddings.token_type_embeddings.weight,base,0.0
2.0,536,base_model.model.roberta.encoder.layer.0.attention.self.query.weight,base,65.16850243294316
2.0,536,base_model.model.roberta.encoder.layer.0.attention.self.query.weight,delta,2.164709819483934
2.0,536,base_model.model.roberta.encoder.layer.0.attention.self.query.weight,effective,65.4229411430578
2.0,536,base_model.model.roberta.encoder.layer.0.attention.self.key.weight,base,130.91481538106177
2.0,536,base_model.model.roberta.encoder.layer.0.attention.self.key.weight,delta,2.7865563595431535
2.0,536,base_model.model.roberta.encoder.layer.0.attention.self.key.weight,effective,131.09622726230546
2.0,536,base_model.model.roberta.encoder.layer.0.attention.self.value.weight,base,88.31941014198881
2.0,536,base_model.model.roberta.encoder.layer.0.attention.self.value.weight,delta,1.4091414178517956
2.0,536,base_model.model.roberta.encoder.layer.0.attention.self.value.weight,effective,87.05145466670668
2.0,536,base_model.model.roberta.encoder.layer.0.attention.output.dense.weight,base,5.915947919238045
2.0,536,base_model.model.roberta.encoder.layer.0.attention.output.dense.weight,delta,1.8702468194004072
2.0,536,base_model.model.roberta.encoder.layer.0.attention.output.dense.weight,effective,5.96569624605545
2.0,536,base_model.model.roberta.encoder.layer.0.intermediate.dense.weight,base,7.211772906074545
2.0,536,base_model.model.roberta.encoder.layer.0.intermediate.dense.weight,delta,1.1264455441858179
2.0,536,base_model.model.roberta.encoder.layer.0.intermediate.dense.weight,effective,7.313247383198118
2.0,536,base_model.model.roberta.encoder.layer.0.output.dense.weight,base,45.444507184256565
2.0,536,base_model.model.roberta.encoder.layer.0.output.dense.weight,delta,2.321503358007304
2.0,536,base_model.model.roberta.encoder.layer.0.output.dense.weight,effective,45.73753603626745
2.0,536,base_model.model.roberta.encoder.layer.1.attention.self.query.weight,base,49.83982559284896
2.0,536,base_model.model.roberta.encoder.layer.1.attention.self.query.weight,delta,1.1932764164224747
2.0,536,base_model.model.roberta.encoder.layer.1.attention.self.query.weight,effective,49.72076332727719
2.0,536,base_model.model.roberta.encoder.layer.1.attention.self.key.weight,base,36.683594715722144
2.0,536,base_model.model.roberta.encoder.layer.1.attention.self.key.weight,delta,1.8544624937965248
2.0,536,base_model.model.roberta.encoder.layer.1.attention.self.key.weight,effective,36.253381418947804
2.0,536,base_model.model.roberta.encoder.layer.1.attention.self.value.weight,base,100.83349896198295
2.0,536,base_model.model.roberta.encoder.layer.1.attention.self.value.weight,delta,1.0674140219356638
2.0,536,base_model.model.roberta.encoder.layer.1.attention.self.value.weight,effective,24.600559261918832
2.0,536,base_model.model.roberta.encoder.layer.1.attention.output.dense.weight,base,14.804032969892802
2.0,536,base_model.model.roberta.encoder.layer.1.attention.output.dense.weight,delta,1.3323904863519571
2.0,536,base_model.model.roberta.encoder.layer.1.attention.output.dense.weight,effective,14.994330184534398
2.0,536,base_model.model.roberta.encoder.layer.1.intermediate.dense.weight,base,10.80473028402092
2.0,536,base_model.model.roberta.encoder.layer.1.intermediate.dense.weight,delta,1.0874773554850448
2.0,536,base_model.model.roberta.encoder.layer.1.intermediate.dense.weight,effective,11.631280586081212
2.0,536,base_model.model.roberta.encoder.layer.1.output.dense.weight,base,29.953815799001653
2.0,536,base_model.model.roberta.encoder.layer.1.output.dense.weight,delta,1.1115362494375751
2.0,536,base_model.model.roberta.encoder.layer.1.output.dense.weight,effective,30.13990355551619
2.0,536,base_model.model.roberta.encoder.layer.2.attention.self.query.weight,base,49.94102365282341
2.0,536,base_model.model.roberta.encoder.layer.2.attention.self.query.weight,delta,1.100178059555609
2.0,536,base_model.model.roberta.encoder.layer.2.attention.self.query.weight,effective,50.40228121469827
2.0,536,base_model.model.roberta.encoder.layer.2.attention.self.key.weight,base,56.246165221169115
2.0,536,base_model.model.roberta.encoder.layer.2.attention.self.key.weight,delta,1.6044817405031782
2.0,536,base_model.model.roberta.encoder.layer.2.attention.self.key.weight,effective,56.45081881585746
2.0,536,base_model.model.roberta.encoder.layer.2.attention.self.value.weight,base,53.35955946695758
2.0,536,base_model.model.roberta.encoder.layer.2.attention.self.value.weight,delta,1.061059317150718
2.0,536,base_model.model.roberta.encoder.layer.2.attention.self.value.weight,effective,16.358660561581527
2.0,536,base_model.model.roberta.encoder.layer.2.attention.output.dense.weight,base,14.211729843144505
2.0,536,base_model.model.roberta.encoder.layer.2.attention.output.dense.weight,delta,1.6556997608959085
2.0,536,base_model.model.roberta.encoder.layer.2.attention.output.dense.weight,effective,14.543202057519293
2.0,536,base_model.model.roberta.encoder.layer.2.intermediate.dense.weight,base,14.171262905121031
2.0,536,base_model.model.roberta.encoder.layer.2.intermediate.dense.weight,delta,1.0461869159229056
2.0,536,base_model.model.roberta.encoder.layer.2.intermediate.dense.weight,effective,12.823757540998416
2.0,536,base_model.model.roberta.encoder.layer.2.output.dense.weight,base,27.617960006342027
2.0,536,base_model.model.roberta.encoder.layer.2.output.dense.weight,delta,1.0729030337955707
2.0,536,base_model.model.roberta.encoder.layer.2.output.dense.weight,effective,27.212897326690463
2.0,536,base_model.model.roberta.encoder.layer.3.attention.self.query.weight,base,40.38710324398324
2.0,536,base_model.model.roberta.encoder.layer.3.attention.self.query.weight,delta,1.2247530775491504
2.0,536,base_model.model.roberta.encoder.layer.3.attention.self.query.weight,effective,40.78305198935917
2.0,536,base_model.model.roberta.encoder.layer.3.attention.self.key.weight,base,52.78959322892153
2.0,536,base_model.model.roberta.encoder.layer.3.attention.self.key.weight,delta,1.5323846409887725
2.0,536,base_model.model.roberta.encoder.layer.3.attention.self.key.weight,effective,53.13039292068674
2.0,536,base_model.model.roberta.encoder.layer.3.attention.self.value.weight,base,85.08426624756609
2.0,536,base_model.model.roberta.encoder.layer.3.attention.self.value.weight,delta,1.0134133379349575
2.0,536,base_model.model.roberta.encoder.layer.3.attention.self.value.weight,effective,13.710466850457891
2.0,536,base_model.model.roberta.encoder.layer.3.attention.output.dense.weight,base,21.91678510152632
2.0,536,base_model.model.roberta.encoder.layer.3.attention.output.dense.weight,delta,1.331242236654066
2.0,536,base_model.model.roberta.encoder.layer.3.attention.output.dense.weight,effective,21.255971325797603
2.0,536,base_model.model.roberta.encoder.layer.3.intermediate.dense.weight,base,20.110905845538312
2.0,536,base_model.model.roberta.encoder.layer.3.intermediate.dense.weight,delta,1.0621559053258427
2.0,536,base_model.model.roberta.encoder.layer.3.intermediate.dense.weight,effective,20.269324108379095
2.0,536,base_model.model.roberta.encoder.layer.3.output.dense.weight,base,25.971211357979648
2.0,536,base_model.model.roberta.encoder.layer.3.output.dense.weight,delta,1.119139399702084
2.0,536,base_model.model.roberta.encoder.layer.3.output.dense.weight,effective,25.87745083206148
2.0,536,base_model.model.roberta.encoder.layer.4.attention.self.query.weight,base,16.316341559015992
2.0,536,base_model.model.roberta.encoder.layer.4.attention.self.query.weight,delta,1.0344455122563299
2.0,536,base_model.model.roberta.encoder.layer.4.attention.self.query.weight,effective,16.82379639512718
2.0,536,base_model.model.roberta.encoder.layer.4.attention.self.key.weight,base,61.19224054984023
2.0,536,base_model.model.roberta.encoder.layer.4.attention.self.key.weight,delta,1.7214872752923616
2.0,536,base_model.model.roberta.encoder.layer.4.attention.self.key.weight,effective,60.870506987542484
2.0,536,base_model.model.roberta.encoder.layer.4.attention.self.value.weight,base,105.4275948284823
2.0,536,base_model.model.roberta.encoder.layer.4.attention.self.value.weight,delta,1.0076947496396365
2.0,536,base_model.model.roberta.encoder.layer.4.attention.self.value.weight,effective,8.943934805315802
2.0,536,base_model.model.roberta.encoder.layer.4.attention.output.dense.weight,base,20.803518310365877
2.0,536,base_model.model.roberta.encoder.layer.4.attention.output.dense.weight,delta,1.1885716253860132
2.0,536,base_model.model.roberta.encoder.layer.4.attention.output.dense.weight,effective,21.088537866885257
2.0,536,base_model.model.roberta.encoder.layer.4.intermediate.dense.weight,base,20.02480060993551
2.0,536,base_model.model.roberta.encoder.layer.4.intermediate.dense.weight,delta,1.0567516580890925
2.0,536,base_model.model.roberta.encoder.layer.4.intermediate.dense.weight,effective,20.300741158803977
2.0,536,base_model.model.roberta.encoder.layer.4.output.dense.weight,base,29.728196317360545
2.0,536,base_model.model.roberta.encoder.layer.4.output.dense.weight,delta,1.1575024530267959
2.0,536,base_model.model.roberta.encoder.layer.4.output.dense.weight,effective,29.96317719673729
2.0,536,base_model.model.roberta.encoder.layer.5.attention.self.query.weight,base,11.762495176171988
2.0,536,base_model.model.roberta.encoder.layer.5.attention.self.query.weight,delta,1.0818522438739717
2.0,536,base_model.model.roberta.encoder.layer.5.attention.self.query.weight,effective,11.995113906188655
2.0,536,base_model.model.roberta.encoder.layer.5.attention.self.key.weight,base,61.699005373669515
2.0,536,base_model.model.roberta.encoder.layer.5.attention.self.key.weight,delta,3.678278620172667
2.0,536,base_model.model.roberta.encoder.layer.5.attention.self.key.weight,effective,62.16432864913288
2.0,536,base_model.model.roberta.encoder.layer.5.attention.self.value.weight,base,99.56625816874656
2.0,536,base_model.model.roberta.encoder.layer.5.attention.self.value.weight,delta,1.0165292729541562
2.0,536,base_model.model.roberta.encoder.layer.5.attention.self.value.weight,effective,17.339278097928002
2.0,536,base_model.model.roberta.encoder.layer.5.attention.output.dense.weight,base,26.298959057905314
2.0,536,base_model.model.roberta.encoder.layer.5.attention.output.dense.weight,delta,1.4840133270104203
2.0,536,base_model.model.roberta.encoder.layer.5.attention.output.dense.weight,effective,26.55806635560168
2.0,536,base_model.model.roberta.encoder.layer.5.intermediate.dense.weight,base,20.785218764453894
2.0,536,base_model.model.roberta.encoder.layer.5.intermediate.dense.weight,delta,1.0735545361415606
2.0,536,base_model.model.roberta.encoder.layer.5.intermediate.dense.weight,effective,21.115090044395462
2.0,536,base_model.model.roberta.encoder.layer.5.output.dense.weight,base,35.247083242875256
2.0,536,base_model.model.roberta.encoder.layer.5.output.dense.weight,delta,1.1154402483838035
2.0,536,base_model.model.roberta.encoder.layer.5.output.dense.weight,effective,35.73549825375998
2.0,536,base_model.model.roberta.encoder.layer.6.attention.self.query.weight,base,14.075301678596741
2.0,536,base_model.model.roberta.encoder.layer.6.attention.self.query.weight,delta,1.1776366804363658
2.0,536,base_model.model.roberta.encoder.layer.6.attention.self.query.weight,effective,14.211747134372635
2.0,536,base_model.model.roberta.encoder.layer.6.attention.self.key.weight,base,66.43951114473974
2.0,536,base_model.model.roberta.encoder.layer.6.attention.self.key.weight,delta,2.357172861173188
2.0,536,base_model.model.roberta.encoder.layer.6.attention.self.key.weight,effective,66.81717175127761
2.0,536,base_model.model.roberta.encoder.layer.6.attention.self.value.weight,base,90.24191649634543
2.0,536,base_model.model.roberta.encoder.layer.6.attention.self.value.weight,delta,1.015319326912261
2.0,536,base_model.model.roberta.encoder.layer.6.attention.self.value.weight,effective,18.111946165181735
2.0,536,base_model.model.roberta.encoder.layer.6.attention.output.dense.weight,base,29.94873534068194
2.0,536,base_model.model.roberta.encoder.layer.6.attention.output.dense.weight,delta,1.7400562488434665
2.0,536,base_model.model.roberta.encoder.layer.6.attention.output.dense.weight,effective,30.308667242128326
2.0,536,base_model.model.roberta.encoder.layer.6.intermediate.dense.weight,base,22.03994696544542
2.0,536,base_model.model.roberta.encoder.layer.6.intermediate.dense.weight,delta,1.0358769652320499
2.0,536,base_model.model.roberta.encoder.layer.6.intermediate.dense.weight,effective,21.600913195258634
2.0,536,base_model.model.roberta.encoder.layer.6.output.dense.weight,base,32.14799086383212
2.0,536,base_model.model.roberta.encoder.layer.6.output.dense.weight,delta,1.0159771362836338
2.0,536,base_model.model.roberta.encoder.layer.6.output.dense.weight,effective,21.8349275725291
2.0,536,base_model.model.roberta.encoder.layer.7.attention.self.query.weight,base,14.658838567416794
2.0,536,base_model.model.roberta.encoder.layer.7.attention.self.query.weight,delta,1.0685915444978726
2.0,536,base_model.model.roberta.encoder.layer.7.attention.self.query.weight,effective,14.861373878407337
2.0,536,base_model.model.roberta.encoder.layer.7.attention.self.key.weight,base,70.99344042385209
2.0,536,base_model.model.roberta.encoder.layer.7.attention.self.key.weight,delta,1.8713650962692248
2.0,536,base_model.model.roberta.encoder.layer.7.attention.self.key.weight,effective,71.03054785823731
2.0,536,base_model.model.roberta.encoder.layer.7.attention.self.value.weight,base,77.89752183447247
2.0,536,base_model.model.roberta.encoder.layer.7.attention.self.value.weight,delta,1.0142095591169962
2.0,536,base_model.model.roberta.encoder.layer.7.attention.self.value.weight,effective,17.600000527396258
2.0,536,base_model.model.roberta.encoder.layer.7.attention.output.dense.weight,base,26.25258171912584
2.0,536,base_model.model.roberta.encoder.layer.7.attention.output.dense.weight,delta,1.4358135035623665
2.0,536,base_model.model.roberta.encoder.layer.7.attention.output.dense.weight,effective,26.688749924962437
2.0,536,base_model.model.roberta.encoder.layer.7.intermediate.dense.weight,base,21.184176643360725
2.0,536,base_model.model.roberta.encoder.layer.7.intermediate.dense.weight,delta,1.0582076247866583
2.0,536,base_model.model.roberta.encoder.layer.7.intermediate.dense.weight,effective,21.524979228877022
2.0,536,base_model.model.roberta.encoder.layer.7.output.dense.weight,base,30.771296447145282
2.0,536,base_model.model.roberta.encoder.layer.7.output.dense.weight,delta,1.1052522704980394
2.0,536,base_model.model.roberta.encoder.layer.7.output.dense.weight,effective,31.091103249885997
2.0,536,base_model.model.roberta.encoder.layer.8.attention.self.query.weight,base,19.554995123435056
2.0,536,base_model.model.roberta.encoder.layer.8.attention.self.query.weight,delta,1.0408857984912006
2.0,536,base_model.model.roberta.encoder.layer.8.attention.self.query.weight,effective,19.495809583421558
2.0,536,base_model.model.roberta.encoder.layer.8.attention.self.key.weight,base,72.46252770643032
2.0,536,base_model.model.roberta.encoder.layer.8.attention.self.key.weight,delta,2.659612247821728
2.0,536,base_model.model.roberta.encoder.layer.8.attention.self.key.weight,effective,72.80668695572872
2.0,536,base_model.model.roberta.encoder.layer.8.attention.self.value.weight,base,68.24090761427492
2.0,536,base_model.model.roberta.encoder.layer.8.attention.self.value.weight,delta,1.0141502598782972
2.0,536,base_model.model.roberta.encoder.layer.8.attention.self.value.weight,effective,16.499043576324038
2.0,536,base_model.model.roberta.encoder.layer.8.attention.output.dense.weight,base,25.215026114384766
2.0,536,base_model.model.roberta.encoder.layer.8.attention.output.dense.weight,delta,1.8049047691801008
2.0,536,base_model.model.roberta.encoder.layer.8.attention.output.dense.weight,effective,25.407931231049957
2.0,536,base_model.model.roberta.encoder.layer.8.intermediate.dense.weight,base,22.94873607984339
2.0,536,base_model.model.roberta.encoder.layer.8.intermediate.dense.weight,delta,1.0446771005850217
2.0,536,base_model.model.roberta.encoder.layer.8.intermediate.dense.weight,effective,23.519772451715376
2.0,536,base_model.model.roberta.encoder.layer.8.output.dense.weight,base,33.20090685709213
2.0,536,base_model.model.roberta.encoder.layer.8.output.dense.weight,delta,1.136469131316163
2.0,536,base_model.model.roberta.encoder.layer.8.output.dense.weight,effective,33.64623876542245
2.0,536,base_model.model.roberta.encoder.layer.9.attention.self.query.weight,base,14.074112128999012
2.0,536,base_model.model.roberta.encoder.layer.9.attention.self.query.weight,delta,1.0565919434637385
2.0,536,base_model.model.roberta.encoder.layer.9.attention.self.query.weight,effective,14.298274502222014
2.0,536,base_model.model.roberta.encoder.layer.9.attention.self.key.weight,base,82.21456241058715
2.0,536,base_model.model.roberta.encoder.layer.9.attention.self.key.weight,delta,4.613286183580401
2.0,536,base_model.model.roberta.encoder.layer.9.attention.self.key.weight,effective,82.62258454948581
2.0,536,base_model.model.roberta.encoder.layer.9.attention.self.value.weight,base,94.15371923486272
2.0,536,base_model.model.roberta.encoder.layer.9.attention.self.value.weight,delta,1.0135703519219885
2.0,536,base_model.model.roberta.encoder.layer.9.attention.self.value.weight,effective,19.5926747368105
2.0,536,base_model.model.roberta.encoder.layer.9.attention.output.dense.weight,base,27.16329966608273
2.0,536,base_model.model.roberta.encoder.layer.9.attention.output.dense.weight,delta,1.9555988353348193
2.0,536,base_model.model.roberta.encoder.layer.9.attention.output.dense.weight,effective,27.410977055046068
2.0,536,base_model.model.roberta.encoder.layer.9.intermediate.dense.weight,base,22.8722040849843
2.0,536,base_model.model.roberta.encoder.layer.9.intermediate.dense.weight,delta,1.0268743713379715
2.0,536,base_model.model.roberta.encoder.layer.9.intermediate.dense.weight,effective,21.381960550615677
2.0,536,base_model.model.roberta.encoder.layer.9.output.dense.weight,base,31.291706379686776
2.0,536,base_model.model.roberta.encoder.layer.9.output.dense.weight,delta,1.0428769963263285
2.0,536,base_model.model.roberta.encoder.layer.9.output.dense.weight,effective,31.610971110969352
2.0,536,base_model.model.roberta.encoder.layer.10.attention.self.query.weight,base,43.93787210542925
2.0,536,base_model.model.roberta.encoder.layer.10.attention.self.query.weight,delta,1.0363339592107872
2.0,536,base_model.model.roberta.encoder.layer.10.attention.self.query.weight,effective,44.1926401331355
2.0,536,base_model.model.roberta.encoder.layer.10.attention.self.key.weight,base,84.34775663528752
2.0,536,base_model.model.roberta.encoder.layer.10.attention.self.key.weight,delta,3.6396431804994465
2.0,536,base_model.model.roberta.encoder.layer.10.attention.self.key.weight,effective,84.55690589142596
2.0,536,base_model.model.roberta.encoder.layer.10.attention.self.value.weight,base,95.82444154352557
2.0,536,base_model.model.roberta.encoder.layer.10.attention.self.value.weight,delta,1.0134563178726577
2.0,536,base_model.model.roberta.encoder.layer.10.attention.self.value.weight,effective,16.215590113265787
2.0,536,base_model.model.roberta.encoder.layer.10.attention.output.dense.weight,base,25.41130698429029
2.0,536,base_model.model.roberta.encoder.layer.10.attention.output.dense.weight,delta,1.2328180604134773
2.0,536,base_model.model.roberta.encoder.layer.10.attention.output.dense.weight,effective,25.92446677026806
2.0,536,base_model.model.roberta.encoder.layer.10.intermediate.dense.weight,base,23.61416247632014
2.0,536,base_model.model.roberta.encoder.layer.10.intermediate.dense.weight,delta,1.0296994895588802
2.0,536,base_model.model.roberta.encoder.layer.10.intermediate.dense.weight,effective,21.99618823245578
2.0,536,base_model.model.roberta.encoder.layer.10.output.dense.weight,base,28.482765434223122
2.0,536,base_model.model.roberta.encoder.layer.10.output.dense.weight,delta,1.3869137588345437
2.0,536,base_model.model.roberta.encoder.layer.10.output.dense.weight,effective,28.653193345381702
2.0,536,base_model.model.roberta.encoder.layer.11.attention.self.query.weight,base,42.711296516148266
2.0,536,base_model.model.roberta.encoder.layer.11.attention.self.query.weight,delta,1.0957782604586779
2.0,536,base_model.model.roberta.encoder.layer.11.attention.self.query.weight,effective,43.01051928613696
2.0,536,base_model.model.roberta.encoder.layer.11.attention.self.key.weight,base,89.36574388593367
2.0,536,base_model.model.roberta.encoder.layer.11.attention.self.key.weight,delta,1.924998866133209
2.0,536,base_model.model.roberta.encoder.layer.11.attention.self.key.weight,effective,90.49747410525408
2.0,536,base_model.model.roberta.encoder.layer.11.attention.self.value.weight,base,91.12228329898201
2.0,536,base_model.model.roberta.encoder.layer.11.attention.self.value.weight,delta,1.0173499839559828
2.0,536,base_model.model.roberta.encoder.layer.11.attention.self.value.weight,effective,24.30315476015987
2.0,536,base_model.model.roberta.encoder.layer.11.attention.output.dense.weight,base,23.711106828708598
2.0,536,base_model.model.roberta.encoder.layer.11.attention.output.dense.weight,delta,1.5942392071389806
2.0,536,base_model.model.roberta.encoder.layer.11.attention.output.dense.weight,effective,23.983473944438213
2.0,536,base_model.model.roberta.encoder.layer.11.intermediate.dense.weight,base,23.921582739751972
2.0,536,base_model.model.roberta.encoder.layer.11.intermediate.dense.weight,delta,1.085352548741884
2.0,536,base_model.model.roberta.encoder.layer.11.intermediate.dense.weight,effective,24.057680206244807
2.0,536,base_model.model.roberta.encoder.layer.11.output.dense.weight,base,32.25425665985377
2.0,536,base_model.model.roberta.encoder.layer.11.output.dense.weight,delta,2.343972059968051
2.0,536,base_model.model.roberta.encoder.layer.11.output.dense.weight,effective,32.39666568254713
2.0,536,base_model.model.roberta.encoder.layer.12.attention.self.query.weight,base,19.80133963517949
2.0,536,base_model.model.roberta.encoder.layer.12.attention.self.query.weight,delta,1.056636324896497
2.0,536,base_model.model.roberta.encoder.layer.12.attention.self.query.weight,effective,20.073162131153037
2.0,536,base_model.model.roberta.encoder.layer.12.attention.self.key.weight,base,59.51423417589006
2.0,536,base_model.model.roberta.encoder.layer.12.attention.self.key.weight,delta,3.4349125642287586
2.0,536,base_model.model.roberta.encoder.layer.12.attention.self.key.weight,effective,59.56232033946901
2.0,536,base_model.model.roberta.encoder.layer.12.attention.self.value.weight,base,104.55182735098823
2.0,536,base_model.model.roberta.encoder.layer.12.attention.self.value.weight,delta,1.1104467096282036
2.0,536,base_model.model.roberta.encoder.layer.12.attention.self.value.weight,effective,38.53061383048326
2.0,536,base_model.model.roberta.encoder.layer.12.attention.output.dense.weight,base,31.68961963951198
2.0,536,base_model.model.roberta.encoder.layer.12.attention.output.dense.weight,delta,1.226741299211926
2.0,536,base_model.model.roberta.encoder.layer.12.attention.output.dense.weight,effective,32.2889221026835
2.0,536,base_model.model.roberta.encoder.layer.12.intermediate.dense.weight,base,23.306472149343517
2.0,536,base_model.model.roberta.encoder.layer.12.intermediate.dense.weight,delta,1.098836545937783
2.0,536,base_model.model.roberta.encoder.layer.12.intermediate.dense.weight,effective,23.664633102056367
2.0,536,base_model.model.roberta.encoder.layer.12.output.dense.weight,base,33.73366981573814
2.0,536,base_model.model.roberta.encoder.layer.12.output.dense.weight,delta,1.046718242422011
2.0,536,base_model.model.roberta.encoder.layer.12.output.dense.weight,effective,34.06050179738854
2.0,536,base_model.model.roberta.encoder.layer.13.attention.self.query.weight,base,19.42719294240054
2.0,536,base_model.model.roberta.encoder.layer.13.attention.self.query.weight,delta,1.1325929112068536
2.0,536,base_model.model.roberta.encoder.layer.13.attention.self.query.weight,effective,19.31685971446052
2.0,536,base_model.model.roberta.encoder.layer.13.attention.self.key.weight,base,89.34542298597442
2.0,536,base_model.model.roberta.encoder.layer.13.attention.self.key.weight,delta,2.858278654711672
2.0,536,base_model.model.roberta.encoder.layer.13.attention.self.key.weight,effective,90.04594215354051
2.0,536,base_model.model.roberta.encoder.layer.13.attention.self.value.weight,base,103.98533663905238
2.0,536,base_model.model.roberta.encoder.layer.13.attention.self.value.weight,delta,1.0410362993032627
2.0,536,base_model.model.roberta.encoder.layer.13.attention.self.value.weight,effective,32.047720482873494
2.0,536,base_model.model.roberta.encoder.layer.13.attention.output.dense.weight,base,31.930869183442315
2.0,536,base_model.model.roberta.encoder.layer.13.attention.output.dense.weight,delta,1.4841903708133337
2.0,536,base_model.model.roberta.encoder.layer.13.attention.output.dense.weight,effective,32.25481244487997
2.0,536,base_model.model.roberta.encoder.layer.13.intermediate.dense.weight,base,21.4924861033959
2.0,536,base_model.model.roberta.encoder.layer.13.intermediate.dense.weight,delta,1.0803507543633128
2.0,536,base_model.model.roberta.encoder.layer.13.intermediate.dense.weight,effective,21.690892797033186
2.0,536,base_model.model.roberta.encoder.layer.13.output.dense.weight,base,38.45666001020537
2.0,536,base_model.model.roberta.encoder.layer.13.output.dense.weight,delta,1.139538047957493
2.0,536,base_model.model.roberta.encoder.layer.13.output.dense.weight,effective,38.62960582573203
2.0,536,base_model.model.roberta.encoder.layer.14.attention.self.query.weight,base,14.950092836443968
2.0,536,base_model.model.roberta.encoder.layer.14.attention.self.query.weight,delta,1.0466035542006513
2.0,536,base_model.model.roberta.encoder.layer.14.attention.self.query.weight,effective,15.091353373300324
2.0,536,base_model.model.roberta.encoder.layer.14.attention.self.key.weight,base,69.63970689456136
2.0,536,base_model.model.roberta.encoder.layer.14.attention.self.key.weight,delta,1.789678356958252
2.0,536,base_model.model.roberta.encoder.layer.14.attention.self.key.weight,effective,70.30797018680512
2.0,536,base_model.model.roberta.encoder.layer.14.attention.self.value.weight,base,105.91215913275136
2.0,536,base_model.model.roberta.encoder.layer.14.attention.self.value.weight,delta,1.0362105075510857
2.0,536,base_model.model.roberta.encoder.layer.14.attention.self.value.weight,effective,36.81335160548733
2.0,536,base_model.model.roberta.encoder.layer.14.attention.output.dense.weight,base,34.19242653847588
2.0,536,base_model.model.roberta.encoder.layer.14.attention.output.dense.weight,delta,2.634691792928435
2.0,536,base_model.model.roberta.encoder.layer.14.attention.output.dense.weight,effective,34.5117801459709
2.0,536,base_model.model.roberta.encoder.layer.14.intermediate.dense.weight,base,20.798387110600416
2.0,536,base_model.model.roberta.encoder.layer.14.intermediate.dense.weight,delta,1.1473016971234142
2.0,536,base_model.model.roberta.encoder.layer.14.intermediate.dense.weight,effective,20.976064470508103
2.0,536,base_model.model.roberta.encoder.layer.14.output.dense.weight,base,20.652845573172012
2.0,536,base_model.model.roberta.encoder.layer.14.output.dense.weight,delta,1.2001703934213637
2.0,536,base_model.model.roberta.encoder.layer.14.output.dense.weight,effective,20.777588886016137
2.0,536,base_model.model.roberta.encoder.layer.15.attention.self.query.weight,base,31.91981094559281
2.0,536,base_model.model.roberta.encoder.layer.15.attention.self.query.weight,delta,1.0427566553577112
2.0,536,base_model.model.roberta.encoder.layer.15.attention.self.query.weight,effective,31.275681893128482
2.0,536,base_model.model.roberta.encoder.layer.15.attention.self.key.weight,base,79.51391215956669
2.0,536,base_model.model.roberta.encoder.layer.15.attention.self.key.weight,delta,1.1024543601117784
2.0,536,base_model.model.roberta.encoder.layer.15.attention.self.key.weight,effective,50.62774869689853
2.0,536,base_model.model.roberta.encoder.layer.15.attention.self.value.weight,base,104.47581356199453
2.0,536,base_model.model.roberta.encoder.layer.15.attention.self.value.weight,delta,1.0297324878228393
2.0,536,base_model.model.roberta.encoder.layer.15.attention.self.value.weight,effective,25.120507836005064
2.0,536,base_model.model.roberta.encoder.layer.15.attention.output.dense.weight,base,15.276684828215696
2.0,536,base_model.model.roberta.encoder.layer.15.attention.output.dense.weight,delta,1.2239438319472715
2.0,536,base_model.model.roberta.encoder.layer.15.attention.output.dense.weight,effective,15.7469715180774
2.0,536,base_model.model.roberta.encoder.layer.15.intermediate.dense.weight,base,25.351985666495665
2.0,536,base_model.model.roberta.encoder.layer.15.intermediate.dense.weight,delta,1.2523343887700906
2.0,536,base_model.model.roberta.encoder.layer.15.intermediate.dense.weight,effective,25.705390649774824
2.0,536,base_model.model.roberta.encoder.layer.15.output.dense.weight,base,18.276873411306507
2.0,536,base_model.model.roberta.encoder.layer.15.output.dense.weight,delta,1.0215266626489077
2.0,536,base_model.model.roberta.encoder.layer.15.output.dense.weight,effective,19.651031614716576
2.0,536,base_model.model.roberta.encoder.layer.16.attention.self.query.weight,base,78.90741647514638
2.0,536,base_model.model.roberta.encoder.layer.16.attention.self.query.weight,delta,1.0575355686250354
2.0,536,base_model.model.roberta.encoder.layer.16.attention.self.query.weight,effective,34.49994458791524
2.0,536,base_model.model.roberta.encoder.layer.16.attention.self.key.weight,base,87.61963184012855
2.0,536,base_model.model.roberta.encoder.layer.16.attention.self.key.weight,delta,1.255972563464527
2.0,536,base_model.model.roberta.encoder.layer.16.attention.self.key.weight,effective,86.57950045861517
2.0,536,base_model.model.roberta.encoder.layer.16.attention.self.value.weight,base,97.07574430485145
2.0,536,base_model.model.roberta.encoder.layer.16.attention.self.value.weight,delta,1.007313189631648
2.0,536,base_model.model.roberta.encoder.layer.16.attention.self.value.weight,effective,8.860192190447085
2.0,536,base_model.model.roberta.encoder.layer.16.attention.output.dense.weight,base,14.660626448700963
2.0,536,base_model.model.roberta.encoder.layer.16.attention.output.dense.weight,delta,1.1940054007838836
2.0,536,base_model.model.roberta.encoder.layer.16.attention.output.dense.weight,effective,15.190792737301672
2.0,536,base_model.model.roberta.encoder.layer.16.intermediate.dense.weight,base,31.375570204423624
2.0,536,base_model.model.roberta.encoder.layer.16.intermediate.dense.weight,delta,1.1023084266670327
2.0,536,base_model.model.roberta.encoder.layer.16.intermediate.dense.weight,effective,31.164109901799865
2.0,536,base_model.model.roberta.encoder.layer.16.output.dense.weight,base,17.030436723646925
2.0,536,base_model.model.roberta.encoder.layer.16.output.dense.weight,delta,1.2285199444094104
2.0,536,base_model.model.roberta.encoder.layer.16.output.dense.weight,effective,15.55491575901945
2.0,536,base_model.model.roberta.encoder.layer.17.attention.self.query.weight,base,70.1967671110762
2.0,536,base_model.model.roberta.encoder.layer.17.attention.self.query.weight,delta,1.177406556936679
2.0,536,base_model.model.roberta.encoder.layer.17.attention.self.query.weight,effective,66.7539348030214
2.0,536,base_model.model.roberta.encoder.layer.17.attention.self.key.weight,base,76.19706060450874
2.0,536,base_model.model.roberta.encoder.layer.17.attention.self.key.weight,delta,2.5674598987273316
2.0,536,base_model.model.roberta.encoder.layer.17.attention.self.key.weight,effective,76.4833970538177
2.0,536,base_model.model.roberta.encoder.layer.17.attention.self.value.weight,base,118.53882569591501
2.0,536,base_model.model.roberta.encoder.layer.17.attention.self.value.weight,delta,1.0057880930229477
2.0,536,base_model.model.roberta.encoder.layer.17.attention.self.value.weight,effective,9.552791646506204
2.0,536,base_model.model.roberta.encoder.layer.17.attention.output.dense.weight,base,19.10130545413139
2.0,536,base_model.model.roberta.encoder.layer.17.attention.output.dense.weight,delta,1.046785350016029
2.0,536,base_model.model.roberta.encoder.layer.17.attention.output.dense.weight,effective,14.718869919373075
2.0,536,base_model.model.roberta.encoder.layer.17.intermediate.dense.weight,base,33.29412874555674
2.0,536,base_model.model.roberta.encoder.layer.17.intermediate.dense.weight,delta,1.1047582931729716
2.0,536,base_model.model.roberta.encoder.layer.17.intermediate.dense.weight,effective,33.740901242030134
2.0,536,base_model.model.roberta.encoder.layer.17.output.dense.weight,base,22.110656474802994
2.0,536,base_model.model.roberta.encoder.layer.17.output.dense.weight,delta,1.17156173634716
2.0,536,base_model.model.roberta.encoder.layer.17.output.dense.weight,effective,21.789900133517232
2.0,536,base_model.model.roberta.encoder.layer.18.attention.self.query.weight,base,73.4326767419924
2.0,536,base_model.model.roberta.encoder.layer.18.attention.self.query.weight,delta,1.0326125475809866
2.0,536,base_model.model.roberta.encoder.layer.18.attention.self.query.weight,effective,29.843116285181623
2.0,536,base_model.model.roberta.encoder.layer.18.attention.self.key.weight,base,80.37733857175729
2.0,536,base_model.model.roberta.encoder.layer.18.attention.self.key.weight,delta,1.97677142004209
2.0,536,base_model.model.roberta.encoder.layer.18.attention.self.key.weight,effective,80.52507578779893
2.0,536,base_model.model.roberta.encoder.layer.18.attention.self.value.weight,base,113.07689369586087
2.0,536,base_model.model.roberta.encoder.layer.18.attention.self.value.weight,delta,1.0400740665627086
2.0,536,base_model.model.roberta.encoder.layer.18.attention.self.value.weight,effective,18.804494873033043
2.0,536,base_model.model.roberta.encoder.layer.18.attention.output.dense.weight,base,18.028766680307434
2.0,536,base_model.model.roberta.encoder.layer.18.attention.output.dense.weight,delta,1.1057692831188484
2.0,536,base_model.model.roberta.encoder.layer.18.attention.output.dense.weight,effective,13.857345699776753
2.0,536,base_model.model.roberta.encoder.layer.18.intermediate.dense.weight,base,32.6844872681259
2.0,536,base_model.model.roberta.encoder.layer.18.intermediate.dense.weight,delta,1.0459003414145962
2.0,536,base_model.model.roberta.encoder.layer.18.intermediate.dense.weight,effective,10.329510586622222
2.0,536,base_model.model.roberta.encoder.layer.18.output.dense.weight,base,21.433488387626884
2.0,536,base_model.model.roberta.encoder.layer.18.output.dense.weight,delta,1.0721587429266763
2.0,536,base_model.model.roberta.encoder.layer.18.output.dense.weight,effective,6.0278967720718954
2.0,536,base_model.model.roberta.encoder.layer.19.attention.self.query.weight,base,92.59084682443176
2.0,536,base_model.model.roberta.encoder.layer.19.attention.self.query.weight,delta,1.1230905050600735
2.0,536,base_model.model.roberta.encoder.layer.19.attention.self.query.weight,effective,10.201977501987182
2.0,536,base_model.model.roberta.encoder.layer.19.attention.self.key.weight,base,70.02834221049284
2.0,536,base_model.model.roberta.encoder.layer.19.attention.self.key.weight,delta,1.1801119019480433
2.0,536,base_model.model.roberta.encoder.layer.19.attention.self.key.weight,effective,17.034339686835313
2.0,536,base_model.model.roberta.encoder.layer.19.attention.self.value.weight,base,156.64708687234096
2.0,536,base_model.model.roberta.encoder.layer.19.attention.self.value.weight,delta,1.0565707267177755
2.0,536,base_model.model.roberta.encoder.layer.19.attention.self.value.weight,effective,7.4117566674415825
2.0,536,base_model.model.roberta.encoder.layer.19.attention.output.dense.weight,base,17.494144024820685
2.0,536,base_model.model.roberta.encoder.layer.19.attention.output.dense.weight,delta,1.0366718046384942
2.0,536,base_model.model.roberta.encoder.layer.19.attention.output.dense.weight,effective,2.087441280976954
2.0,536,base_model.model.roberta.encoder.layer.19.intermediate.dense.weight,base,28.92210384099705
2.0,536,base_model.model.roberta.encoder.layer.19.intermediate.dense.weight,delta,1.0194900449988793
2.0,536,base_model.model.roberta.encoder.layer.19.intermediate.dense.weight,effective,2.0214827209569086
2.0,536,base_model.model.roberta.encoder.layer.19.output.dense.weight,base,19.716475538939285
2.0,536,base_model.model.roberta.encoder.layer.19.output.dense.weight,delta,1.0636601959028182
2.0,536,base_model.model.roberta.encoder.layer.19.output.dense.weight,effective,1.6492774382229725
2.0,536,base_model.model.roberta.encoder.layer.20.attention.self.query.weight,base,77.2070215501793
2.0,536,base_model.model.roberta.encoder.layer.20.attention.self.query.weight,delta,1.0408091663986054
2.0,536,base_model.model.roberta.encoder.layer.20.attention.self.query.weight,effective,7.226384147633402
2.0,536,base_model.model.roberta.encoder.layer.20.attention.self.key.weight,base,54.8302367686625
2.0,536,base_model.model.roberta.encoder.layer.20.attention.self.key.weight,delta,1.0164926923052287
2.0,536,base_model.model.roberta.encoder.layer.20.attention.self.key.weight,effective,3.107710467992083
2.0,536,base_model.model.roberta.encoder.layer.20.attention.self.value.weight,base,108.43384596250647
2.0,536,base_model.model.roberta.encoder.layer.20.attention.self.value.weight,delta,1.0219587972653605
2.0,536,base_model.model.roberta.encoder.layer.20.attention.self.value.weight,effective,1.30916770854081
2.0,536,base_model.model.roberta.encoder.layer.20.attention.output.dense.weight,base,15.783675262019102
2.0,536,base_model.model.roberta.encoder.layer.20.attention.output.dense.weight,delta,1.013866278102546
2.0,536,base_model.model.roberta.encoder.layer.20.attention.output.dense.weight,effective,1.1096173274905223
2.0,536,base_model.model.roberta.encoder.layer.20.intermediate.dense.weight,base,24.95680646951418
2.0,536,base_model.model.roberta.encoder.layer.20.intermediate.dense.weight,delta,1.2440853490500052
2.0,536,base_model.model.roberta.encoder.layer.20.intermediate.dense.weight,effective,3.9643574432480384
2.0,536,base_model.model.roberta.encoder.layer.20.output.dense.weight,base,18.867906855073496
2.0,536,base_model.model.roberta.encoder.layer.20.output.dense.weight,delta,1.0335482108669996
2.0,536,base_model.model.roberta.encoder.layer.20.output.dense.weight,effective,1.3146831355516535
2.0,536,base_model.model.roberta.encoder.layer.21.attention.self.query.weight,base,49.271407326276666
2.0,536,base_model.model.roberta.encoder.layer.21.attention.self.query.weight,delta,1.1293217387036212
2.0,536,base_model.model.roberta.encoder.layer.21.attention.self.query.weight,effective,4.266403178814539
2.0,536,base_model.model.roberta.encoder.layer.21.attention.self.key.weight,base,57.11420031170095
2.0,536,base_model.model.roberta.encoder.layer.21.attention.self.key.weight,delta,1.0502089125044654
2.0,536,base_model.model.roberta.encoder.layer.21.attention.self.key.weight,effective,2.932598061459858
2.0,536,base_model.model.roberta.encoder.layer.21.attention.self.value.weight,base,88.20789990778927
2.0,536,base_model.model.roberta.encoder.layer.21.attention.self.value.weight,delta,1.0331655931710848
2.0,536,base_model.model.roberta.encoder.layer.21.attention.self.value.weight,effective,1.5008118137148891
2.0,536,base_model.model.roberta.encoder.layer.21.attention.output.dense.weight,base,17.47041927386182
2.0,536,base_model.model.roberta.encoder.layer.21.attention.output.dense.weight,delta,1.1933468468466515
2.0,536,base_model.model.roberta.encoder.layer.21.attention.output.dense.weight,effective,1.652624963085807
2.0,536,base_model.model.roberta.encoder.layer.21.intermediate.dense.weight,base,23.56764144333285
2.0,536,base_model.model.roberta.encoder.layer.21.intermediate.dense.weight,delta,1.1716031496405253
2.0,536,base_model.model.roberta.encoder.layer.21.intermediate.dense.weight,effective,2.0872744833587404
2.0,536,base_model.model.roberta.encoder.layer.21.output.dense.weight,base,18.248913160750156
2.0,536,base_model.model.roberta.encoder.layer.21.output.dense.weight,delta,1.1498297773711614
2.0,536,base_model.model.roberta.encoder.layer.21.output.dense.weight,effective,1.6003643609531402
2.0,536,base_model.model.roberta.encoder.layer.22.attention.self.query.weight,base,36.14561126745775
2.0,536,base_model.model.roberta.encoder.layer.22.attention.self.query.weight,delta,1.204861391674742
2.0,536,base_model.model.roberta.encoder.layer.22.attention.self.query.weight,effective,2.6970192107711966
2.0,536,base_model.model.roberta.encoder.layer.22.attention.self.key.weight,base,40.92040908934638
2.0,536,base_model.model.roberta.encoder.layer.22.attention.self.key.weight,delta,1.1654783347688344
2.0,536,base_model.model.roberta.encoder.layer.22.attention.self.key.weight,effective,4.416842098521133
2.0,536,base_model.model.roberta.encoder.layer.22.attention.self.value.weight,base,82.81308503859607
2.0,536,base_model.model.roberta.encoder.layer.22.attention.self.value.weight,delta,1.0555012469301785
2.0,536,base_model.model.roberta.encoder.layer.22.attention.self.value.weight,effective,1.5460455566551183
2.0,536,base_model.model.roberta.encoder.layer.22.attention.output.dense.weight,base,13.58594952450877
2.0,536,base_model.model.roberta.encoder.layer.22.attention.output.dense.weight,delta,1.2752254181510008
2.0,536,base_model.model.roberta.encoder.layer.22.attention.output.dense.weight,effective,1.8267785057917854
2.0,536,base_model.model.roberta.encoder.layer.22.intermediate.dense.weight,base,24.910133626088907
2.0,536,base_model.model.roberta.encoder.layer.22.intermediate.dense.weight,delta,1.5720102380218062
2.0,536,base_model.model.roberta.encoder.layer.22.intermediate.dense.weight,effective,2.7148398433375602
2.0,536,base_model.model.roberta.encoder.layer.22.output.dense.weight,base,25.045894912432924
2.0,536,base_model.model.roberta.encoder.layer.22.output.dense.weight,delta,1.0911122536099
2.0,536,base_model.model.roberta.encoder.layer.22.output.dense.weight,effective,1.6704131841082812
2.0,536,base_model.model.roberta.encoder.layer.23.attention.self.query.weight,base,37.62998506488351
2.0,536,base_model.model.roberta.encoder.layer.23.attention.self.query.weight,delta,1.1112025385365907
2.0,536,base_model.model.roberta.encoder.layer.23.attention.self.query.weight,effective,1.5735562765968925
2.0,536,base_model.model.roberta.encoder.layer.23.attention.self.key.weight,base,44.522602587031
2.0,536,base_model.model.roberta.encoder.layer.23.attention.self.key.weight,delta,1.3261649769164978
2.0,536,base_model.model.roberta.encoder.layer.23.attention.self.key.weight,effective,2.47738917619757
2.0,536,base_model.model.roberta.encoder.layer.23.attention.self.value.weight,base,140.48234274667016
2.0,536,base_model.model.roberta.encoder.layer.23.attention.self.value.weight,delta,1.0015074484006583
2.0,536,base_model.model.roberta.encoder.layer.23.attention.self.value.weight,effective,1.3348800479951435
2.0,536,base_model.model.roberta.encoder.layer.23.attention.output.dense.weight,base,26.479698821973777
2.0,536,base_model.model.roberta.encoder.layer.23.attention.output.dense.weight,delta,1.063792193846559
2.0,536,base_model.model.roberta.encoder.layer.23.attention.output.dense.weight,effective,1.3585701149167886
2.0,536,base_model.model.roberta.encoder.layer.23.intermediate.dense.weight,base,27.593546720529336
2.0,536,base_model.model.roberta.encoder.layer.23.intermediate.dense.weight,delta,1.0226963410587477
2.0,536,base_model.model.roberta.encoder.layer.23.intermediate.dense.weight,effective,1.1236919519845538
2.0,536,base_model.model.roberta.encoder.layer.23.output.dense.weight,base,16.276755463995432
2.0,536,base_model.model.roberta.encoder.layer.23.output.dense.weight,delta,1.0951305868377301
2.0,536,base_model.model.roberta.encoder.layer.23.output.dense.weight,effective,2.649180846472259
2.0,536,base_model.model.classifier.original_module.dense.weight,base,258.8424339753757
2.0,536,base_model.model.classifier.original_module.out_proj.weight,base,1.961009110086757
2.0,536,base_model.model.classifier.modules_to_save.default.dense.weight,base,6.7109358740374745
2.0,536,base_model.model.classifier.modules_to_save.default.out_proj.weight,base,1.4743621168552876
3.0,804,base_model.model.roberta.embeddings.word_embeddings.weight,base,2.8762521464546524
3.0,804,base_model.model.roberta.embeddings.position_embeddings.weight,base,1.794806501817938
3.0,804,base_model.model.roberta.embeddings.token_type_embeddings.weight,base,0.0
3.0,804,base_model.model.roberta.encoder.layer.0.attention.self.query.weight,base,65.16850243294316
3.0,804,base_model.model.roberta.encoder.layer.0.attention.self.query.weight,delta,2.164709819483934
3.0,804,base_model.model.roberta.encoder.layer.0.attention.self.query.weight,effective,65.4229411430578
3.0,804,base_model.model.roberta.encoder.layer.0.attention.self.key.weight,base,130.91481538106177
3.0,804,base_model.model.roberta.encoder.layer.0.attention.self.key.weight,delta,2.7865563595431535
3.0,804,base_model.model.roberta.encoder.layer.0.attention.self.key.weight,effective,131.09622726230546
3.0,804,base_model.model.roberta.encoder.layer.0.attention.self.value.weight,base,88.31941014198881
3.0,804,base_model.model.roberta.encoder.layer.0.attention.self.value.weight,delta,1.4091414178517956
3.0,804,base_model.model.roberta.encoder.layer.0.attention.self.value.weight,effective,87.05145466670668
3.0,804,base_model.model.roberta.encoder.layer.0.attention.output.dense.weight,base,5.915947919238045
3.0,804,base_model.model.roberta.encoder.layer.0.attention.output.dense.weight,delta,1.8702468194004072
3.0,804,base_model.model.roberta.encoder.layer.0.attention.output.dense.weight,effective,5.96569624605545
3.0,804,base_model.model.roberta.encoder.layer.0.intermediate.dense.weight,base,7.211772906074545
3.0,804,base_model.model.roberta.encoder.layer.0.intermediate.dense.weight,delta,1.1264455441858179
3.0,804,base_model.model.roberta.encoder.layer.0.intermediate.dense.weight,effective,7.313247383198118
3.0,804,base_model.model.roberta.encoder.layer.0.output.dense.weight,base,45.444507184256565
3.0,804,base_model.model.roberta.encoder.layer.0.output.dense.weight,delta,2.321503358007304
3.0,804,base_model.model.roberta.encoder.layer.0.output.dense.weight,effective,45.73753603626745
3.0,804,base_model.model.roberta.encoder.layer.1.attention.self.query.weight,base,49.83982559284896
3.0,804,base_model.model.roberta.encoder.layer.1.attention.self.query.weight,delta,1.1932764164224747
3.0,804,base_model.model.roberta.encoder.layer.1.attention.self.query.weight,effective,49.72076332727719
3.0,804,base_model.model.roberta.encoder.layer.1.attention.self.key.weight,base,36.683594715722144
3.0,804,base_model.model.roberta.encoder.layer.1.attention.self.key.weight,delta,1.8544624937965248
3.0,804,base_model.model.roberta.encoder.layer.1.attention.self.key.weight,effective,36.253381418947804
3.0,804,base_model.model.roberta.encoder.layer.1.attention.self.value.weight,base,100.83349896198295
3.0,804,base_model.model.roberta.encoder.layer.1.attention.self.value.weight,delta,1.0674140219356638
3.0,804,base_model.model.roberta.encoder.layer.1.attention.self.value.weight,effective,24.600559261918832
3.0,804,base_model.model.roberta.encoder.layer.1.attention.output.dense.weight,base,14.804032969892802
3.0,804,base_model.model.roberta.encoder.layer.1.attention.output.dense.weight,delta,1.3323904863519571
3.0,804,base_model.model.roberta.encoder.layer.1.attention.output.dense.weight,effective,14.994330184534398
3.0,804,base_model.model.roberta.encoder.layer.1.intermediate.dense.weight,base,10.80473028402092
3.0,804,base_model.model.roberta.encoder.layer.1.intermediate.dense.weight,delta,1.0874773554850448
3.0,804,base_model.model.roberta.encoder.layer.1.intermediate.dense.weight,effective,11.631280586081212
3.0,804,base_model.model.roberta.encoder.layer.1.output.dense.weight,base,29.953815799001653
3.0,804,base_model.model.roberta.encoder.layer.1.output.dense.weight,delta,1.1115362494375751
3.0,804,base_model.model.roberta.encoder.layer.1.output.dense.weight,effective,30.13990355551619
3.0,804,base_model.model.roberta.encoder.layer.2.attention.self.query.weight,base,49.94102365282341
3.0,804,base_model.model.roberta.encoder.layer.2.attention.self.query.weight,delta,1.100178059555609
3.0,804,base_model.model.roberta.encoder.layer.2.attention.self.query.weight,effective,50.40228121469827
3.0,804,base_model.model.roberta.encoder.layer.2.attention.self.key.weight,base,56.246165221169115
3.0,804,base_model.model.roberta.encoder.layer.2.attention.self.key.weight,delta,1.6044817405031782
3.0,804,base_model.model.roberta.encoder.layer.2.attention.self.key.weight,effective,56.45081881585746
3.0,804,base_model.model.roberta.encoder.layer.2.attention.self.value.weight,base,53.35955946695758
3.0,804,base_model.model.roberta.encoder.layer.2.attention.self.value.weight,delta,1.061059317150718
3.0,804,base_model.model.roberta.encoder.layer.2.attention.self.value.weight,effective,16.358660561581527
3.0,804,base_model.model.roberta.encoder.layer.2.attention.output.dense.weight,base,14.211729843144505
3.0,804,base_model.model.roberta.encoder.layer.2.attention.output.dense.weight,delta,1.6556997608959085
3.0,804,base_model.model.roberta.encoder.layer.2.attention.output.dense.weight,effective,14.543202057519293
3.0,804,base_model.model.roberta.encoder.layer.2.intermediate.dense.weight,base,14.171262905121031
3.0,804,base_model.model.roberta.encoder.layer.2.intermediate.dense.weight,delta,1.0461869159229056
3.0,804,base_model.model.roberta.encoder.layer.2.intermediate.dense.weight,effective,12.823757540998416
3.0,804,base_model.model.roberta.encoder.layer.2.output.dense.weight,base,27.617960006342027
3.0,804,base_model.model.roberta.encoder.layer.2.output.dense.weight,delta,1.0729030337955707
3.0,804,base_model.model.roberta.encoder.layer.2.output.dense.weight,effective,27.212897326690463
3.0,804,base_model.model.roberta.encoder.layer.3.attention.self.query.weight,base,40.38710324398324
3.0,804,base_model.model.roberta.encoder.layer.3.attention.self.query.weight,delta,1.2247530775491504
3.0,804,base_model.model.roberta.encoder.layer.3.attention.self.query.weight,effective,40.78305198935917
3.0,804,base_model.model.roberta.encoder.layer.3.attention.self.key.weight,base,52.78959322892153
3.0,804,base_model.model.roberta.encoder.layer.3.attention.self.key.weight,delta,1.5323846409887725
3.0,804,base_model.model.roberta.encoder.layer.3.attention.self.key.weight,effective,53.13039292068674
3.0,804,base_model.model.roberta.encoder.layer.3.attention.self.value.weight,base,85.08426624756609
3.0,804,base_model.model.roberta.encoder.layer.3.attention.self.value.weight,delta,1.0134133379349575
3.0,804,base_model.model.roberta.encoder.layer.3.attention.self.value.weight,effective,13.710466850457891
3.0,804,base_model.model.roberta.encoder.layer.3.attention.output.dense.weight,base,21.91678510152632
3.0,804,base_model.model.roberta.encoder.layer.3.attention.output.dense.weight,delta,1.331242236654066
3.0,804,base_model.model.roberta.encoder.layer.3.attention.output.dense.weight,effective,21.255971325797603
3.0,804,base_model.model.roberta.encoder.layer.3.intermediate.dense.weight,base,20.110905845538312
3.0,804,base_model.model.roberta.encoder.layer.3.intermediate.dense.weight,delta,1.0621559053258427
3.0,804,base_model.model.roberta.encoder.layer.3.intermediate.dense.weight,effective,20.269324108379095
3.0,804,base_model.model.roberta.encoder.layer.3.output.dense.weight,base,25.971211357979648
3.0,804,base_model.model.roberta.encoder.layer.3.output.dense.weight,delta,1.119139399702084
3.0,804,base_model.model.roberta.encoder.layer.3.output.dense.weight,effective,25.87745083206148
3.0,804,base_model.model.roberta.encoder.layer.4.attention.self.query.weight,base,16.316341559015992
3.0,804,base_model.model.roberta.encoder.layer.4.attention.self.query.weight,delta,1.0344455122563299
3.0,804,base_model.model.roberta.encoder.layer.4.attention.self.query.weight,effective,16.82379639512718
3.0,804,base_model.model.roberta.encoder.layer.4.attention.self.key.weight,base,61.19224054984023
3.0,804,base_model.model.roberta.encoder.layer.4.attention.self.key.weight,delta,1.7214872752923616
3.0,804,base_model.model.roberta.encoder.layer.4.attention.self.key.weight,effective,60.870506987542484
3.0,804,base_model.model.roberta.encoder.layer.4.attention.self.value.weight,base,105.4275948284823
3.0,804,base_model.model.roberta.encoder.layer.4.attention.self.value.weight,delta,1.0076947496396365
3.0,804,base_model.model.roberta.encoder.layer.4.attention.self.value.weight,effective,8.943934805315802
3.0,804,base_model.model.roberta.encoder.layer.4.attention.output.dense.weight,base,20.803518310365877
3.0,804,base_model.model.roberta.encoder.layer.4.attention.output.dense.weight,delta,1.1885716253860132
3.0,804,base_model.model.roberta.encoder.layer.4.attention.output.dense.weight,effective,21.088537866885257
3.0,804,base_model.model.roberta.encoder.layer.4.intermediate.dense.weight,base,20.02480060993551
3.0,804,base_model.model.roberta.encoder.layer.4.intermediate.dense.weight,delta,1.0567516580890925
3.0,804,base_model.model.roberta.encoder.layer.4.intermediate.dense.weight,effective,20.300741158803977
3.0,804,base_model.model.roberta.encoder.layer.4.output.dense.weight,base,29.728196317360545
3.0,804,base_model.model.roberta.encoder.layer.4.output.dense.weight,delta,1.1575024530267959
3.0,804,base_model.model.roberta.encoder.layer.4.output.dense.weight,effective,29.96317719673729
3.0,804,base_model.model.roberta.encoder.layer.5.attention.self.query.weight,base,11.762495176171988
3.0,804,base_model.model.roberta.encoder.layer.5.attention.self.query.weight,delta,1.0818522438739717
3.0,804,base_model.model.roberta.encoder.layer.5.attention.self.query.weight,effective,11.995113906188655
3.0,804,base_model.model.roberta.encoder.layer.5.attention.self.key.weight,base,61.699005373669515
3.0,804,base_model.model.roberta.encoder.layer.5.attention.self.key.weight,delta,3.678278620172667
3.0,804,base_model.model.roberta.encoder.layer.5.attention.self.key.weight,effective,62.16432864913288
3.0,804,base_model.model.roberta.encoder.layer.5.attention.self.value.weight,base,99.56625816874656
3.0,804,base_model.model.roberta.encoder.layer.5.attention.self.value.weight,delta,1.0165292729541562
3.0,804,base_model.model.roberta.encoder.layer.5.attention.self.value.weight,effective,17.339278097928002
3.0,804,base_model.model.roberta.encoder.layer.5.attention.output.dense.weight,base,26.298959057905314
3.0,804,base_model.model.roberta.encoder.layer.5.attention.output.dense.weight,delta,1.4840133270104203
3.0,804,base_model.model.roberta.encoder.layer.5.attention.output.dense.weight,effective,26.55806635560168
3.0,804,base_model.model.roberta.encoder.layer.5.intermediate.dense.weight,base,20.785218764453894
3.0,804,base_model.model.roberta.encoder.layer.5.intermediate.dense.weight,delta,1.0735545361415606
3.0,804,base_model.model.roberta.encoder.layer.5.intermediate.dense.weight,effective,21.115090044395462
3.0,804,base_model.model.roberta.encoder.layer.5.output.dense.weight,base,35.247083242875256
3.0,804,base_model.model.roberta.encoder.layer.5.output.dense.weight,delta,1.1154402483838035
3.0,804,base_model.model.roberta.encoder.layer.5.output.dense.weight,effective,35.73549825375998
3.0,804,base_model.model.roberta.encoder.layer.6.attention.self.query.weight,base,14.075301678596741
3.0,804,base_model.model.roberta.encoder.layer.6.attention.self.query.weight,delta,1.1776366804363658
3.0,804,base_model.model.roberta.encoder.layer.6.attention.self.query.weight,effective,14.211747134372635
3.0,804,base_model.model.roberta.encoder.layer.6.attention.self.key.weight,base,66.43951114473974
3.0,804,base_model.model.roberta.encoder.layer.6.attention.self.key.weight,delta,2.357172861173188
3.0,804,base_model.model.roberta.encoder.layer.6.attention.self.key.weight,effective,66.81717175127761
3.0,804,base_model.model.roberta.encoder.layer.6.attention.self.value.weight,base,90.24191649634543
3.0,804,base_model.model.roberta.encoder.layer.6.attention.self.value.weight,delta,1.015319326912261
3.0,804,base_model.model.roberta.encoder.layer.6.attention.self.value.weight,effective,18.111946165181735
3.0,804,base_model.model.roberta.encoder.layer.6.attention.output.dense.weight,base,29.94873534068194
3.0,804,base_model.model.roberta.encoder.layer.6.attention.output.dense.weight,delta,1.7400562488434665
3.0,804,base_model.model.roberta.encoder.layer.6.attention.output.dense.weight,effective,30.308667242128326
3.0,804,base_model.model.roberta.encoder.layer.6.intermediate.dense.weight,base,22.03994696544542
3.0,804,base_model.model.roberta.encoder.layer.6.intermediate.dense.weight,delta,1.0358769652320499
3.0,804,base_model.model.roberta.encoder.layer.6.intermediate.dense.weight,effective,21.600913195258634
3.0,804,base_model.model.roberta.encoder.layer.6.output.dense.weight,base,32.14799086383212
3.0,804,base_model.model.roberta.encoder.layer.6.output.dense.weight,delta,1.0159771362836338
3.0,804,base_model.model.roberta.encoder.layer.6.output.dense.weight,effective,21.8349275725291
3.0,804,base_model.model.roberta.encoder.layer.7.attention.self.query.weight,base,14.658838567416794
3.0,804,base_model.model.roberta.encoder.layer.7.attention.self.query.weight,delta,1.0685915444978726
3.0,804,base_model.model.roberta.encoder.layer.7.attention.self.query.weight,effective,14.861373878407337
3.0,804,base_model.model.roberta.encoder.layer.7.attention.self.key.weight,base,70.99344042385209
3.0,804,base_model.model.roberta.encoder.layer.7.attention.self.key.weight,delta,1.8713650962692248
3.0,804,base_model.model.roberta.encoder.layer.7.attention.self.key.weight,effective,71.03054785823731
3.0,804,base_model.model.roberta.encoder.layer.7.attention.self.value.weight,base,77.89752183447247
3.0,804,base_model.model.roberta.encoder.layer.7.attention.self.value.weight,delta,1.0142095591169962
3.0,804,base_model.model.roberta.encoder.layer.7.attention.self.value.weight,effective,17.600000527396258
3.0,804,base_model.model.roberta.encoder.layer.7.attention.output.dense.weight,base,26.25258171912584
3.0,804,base_model.model.roberta.encoder.layer.7.attention.output.dense.weight,delta,1.4358135035623665
3.0,804,base_model.model.roberta.encoder.layer.7.attention.output.dense.weight,effective,26.688749924962437
3.0,804,base_model.model.roberta.encoder.layer.7.intermediate.dense.weight,base,21.184176643360725
3.0,804,base_model.model.roberta.encoder.layer.7.intermediate.dense.weight,delta,1.0582076247866583
3.0,804,base_model.model.roberta.encoder.layer.7.intermediate.dense.weight,effective,21.524979228877022
3.0,804,base_model.model.roberta.encoder.layer.7.output.dense.weight,base,30.771296447145282
3.0,804,base_model.model.roberta.encoder.layer.7.output.dense.weight,delta,1.1052522704980394
3.0,804,base_model.model.roberta.encoder.layer.7.output.dense.weight,effective,31.091103249885997
3.0,804,base_model.model.roberta.encoder.layer.8.attention.self.query.weight,base,19.554995123435056
3.0,804,base_model.model.roberta.encoder.layer.8.attention.self.query.weight,delta,1.0408857984912006
3.0,804,base_model.model.roberta.encoder.layer.8.attention.self.query.weight,effective,19.495809583421558
3.0,804,base_model.model.roberta.encoder.layer.8.attention.self.key.weight,base,72.46252770643032
3.0,804,base_model.model.roberta.encoder.layer.8.attention.self.key.weight,delta,2.659612247821728
3.0,804,base_model.model.roberta.encoder.layer.8.attention.self.key.weight,effective,72.80668695572872
3.0,804,base_model.model.roberta.encoder.layer.8.attention.self.value.weight,base,68.24090761427492
3.0,804,base_model.model.roberta.encoder.layer.8.attention.self.value.weight,delta,1.0141502598782972
3.0,804,base_model.model.roberta.encoder.layer.8.attention.self.value.weight,effective,16.499043576324038
3.0,804,base_model.model.roberta.encoder.layer.8.attention.output.dense.weight,base,25.215026114384766
3.0,804,base_model.model.roberta.encoder.layer.8.attention.output.dense.weight,delta,1.8049047691801008
3.0,804,base_model.model.roberta.encoder.layer.8.attention.output.dense.weight,effective,25.407931231049957
3.0,804,base_model.model.roberta.encoder.layer.8.intermediate.dense.weight,base,22.94873607984339
3.0,804,base_model.model.roberta.encoder.layer.8.intermediate.dense.weight,delta,1.0446771005850217
3.0,804,base_model.model.roberta.encoder.layer.8.intermediate.dense.weight,effective,23.519772451715376
3.0,804,base_model.model.roberta.encoder.layer.8.output.dense.weight,base,33.20090685709213
3.0,804,base_model.model.roberta.encoder.layer.8.output.dense.weight,delta,1.136469131316163
3.0,804,base_model.model.roberta.encoder.layer.8.output.dense.weight,effective,33.64623876542245
3.0,804,base_model.model.roberta.encoder.layer.9.attention.self.query.weight,base,14.074112128999012
3.0,804,base_model.model.roberta.encoder.layer.9.attention.self.query.weight,delta,1.0565919434637385
3.0,804,base_model.model.roberta.encoder.layer.9.attention.self.query.weight,effective,14.298274502222014
3.0,804,base_model.model.roberta.encoder.layer.9.attention.self.key.weight,base,82.21456241058715
3.0,804,base_model.model.roberta.encoder.layer.9.attention.self.key.weight,delta,4.613286183580401
3.0,804,base_model.model.roberta.encoder.layer.9.attention.self.key.weight,effective,82.62258454948581
3.0,804,base_model.model.roberta.encoder.layer.9.attention.self.value.weight,base,94.15371923486272
3.0,804,base_model.model.roberta.encoder.layer.9.attention.self.value.weight,delta,1.0135703519219885
3.0,804,base_model.model.roberta.encoder.layer.9.attention.self.value.weight,effective,19.5926747368105
3.0,804,base_model.model.roberta.encoder.layer.9.attention.output.dense.weight,base,27.16329966608273
3.0,804,base_model.model.roberta.encoder.layer.9.attention.output.dense.weight,delta,1.9555988353348193
3.0,804,base_model.model.roberta.encoder.layer.9.attention.output.dense.weight,effective,27.410977055046068
3.0,804,base_model.model.roberta.encoder.layer.9.intermediate.dense.weight,base,22.8722040849843
3.0,804,base_model.model.roberta.encoder.layer.9.intermediate.dense.weight,delta,1.0268743713379715
3.0,804,base_model.model.roberta.encoder.layer.9.intermediate.dense.weight,effective,21.381960550615677
3.0,804,base_model.model.roberta.encoder.layer.9.output.dense.weight,base,31.291706379686776
3.0,804,base_model.model.roberta.encoder.layer.9.output.dense.weight,delta,1.0428769963263285
3.0,804,base_model.model.roberta.encoder.layer.9.output.dense.weight,effective,31.610971110969352
3.0,804,base_model.model.roberta.encoder.layer.10.attention.self.query.weight,base,43.93787210542925
3.0,804,base_model.model.roberta.encoder.layer.10.attention.self.query.weight,delta,1.0363339592107872
3.0,804,base_model.model.roberta.encoder.layer.10.attention.self.query.weight,effective,44.1926401331355
3.0,804,base_model.model.roberta.encoder.layer.10.attention.self.key.weight,base,84.34775663528752
3.0,804,base_model.model.roberta.encoder.layer.10.attention.self.key.weight,delta,3.6396431804994465
3.0,804,base_model.model.roberta.encoder.layer.10.attention.self.key.weight,effective,84.55690589142596
3.0,804,base_model.model.roberta.encoder.layer.10.attention.self.value.weight,base,95.82444154352557
3.0,804,base_model.model.roberta.encoder.layer.10.attention.self.value.weight,delta,1.0134563178726577
3.0,804,base_model.model.roberta.encoder.layer.10.attention.self.value.weight,effective,16.215590113265787
3.0,804,base_model.model.roberta.encoder.layer.10.attention.output.dense.weight,base,25.41130698429029
3.0,804,base_model.model.roberta.encoder.layer.10.attention.output.dense.weight,delta,1.2328180604134773
3.0,804,base_model.model.roberta.encoder.layer.10.attention.output.dense.weight,effective,25.92446677026806
3.0,804,base_model.model.roberta.encoder.layer.10.intermediate.dense.weight,base,23.61416247632014
3.0,804,base_model.model.roberta.encoder.layer.10.intermediate.dense.weight,delta,1.0296994895588802
3.0,804,base_model.model.roberta.encoder.layer.10.intermediate.dense.weight,effective,21.99618823245578
3.0,804,base_model.model.roberta.encoder.layer.10.output.dense.weight,base,28.482765434223122
3.0,804,base_model.model.roberta.encoder.layer.10.output.dense.weight,delta,1.3869137588345437
3.0,804,base_model.model.roberta.encoder.layer.10.output.dense.weight,effective,28.653193345381702
3.0,804,base_model.model.roberta.encoder.layer.11.attention.self.query.weight,base,42.711296516148266
3.0,804,base_model.model.roberta.encoder.layer.11.attention.self.query.weight,delta,1.0957782604586779
3.0,804,base_model.model.roberta.encoder.layer.11.attention.self.query.weight,effective,43.01051928613696
3.0,804,base_model.model.roberta.encoder.layer.11.attention.self.key.weight,base,89.36574388593367
3.0,804,base_model.model.roberta.encoder.layer.11.attention.self.key.weight,delta,1.924998866133209
3.0,804,base_model.model.roberta.encoder.layer.11.attention.self.key.weight,effective,90.49747410525408
3.0,804,base_model.model.roberta.encoder.layer.11.attention.self.value.weight,base,91.12228329898201
3.0,804,base_model.model.roberta.encoder.layer.11.attention.self.value.weight,delta,1.0173499839559828
3.0,804,base_model.model.roberta.encoder.layer.11.attention.self.value.weight,effective,24.30315476015987
3.0,804,base_model.model.roberta.encoder.layer.11.attention.output.dense.weight,base,23.711106828708598
3.0,804,base_model.model.roberta.encoder.layer.11.attention.output.dense.weight,delta,1.5942392071389806
3.0,804,base_model.model.roberta.encoder.layer.11.attention.output.dense.weight,effective,23.983473944438213
3.0,804,base_model.model.roberta.encoder.layer.11.intermediate.dense.weight,base,23.921582739751972
3.0,804,base_model.model.roberta.encoder.layer.11.intermediate.dense.weight,delta,1.085352548741884
3.0,804,base_model.model.roberta.encoder.layer.11.intermediate.dense.weight,effective,24.057680206244807
3.0,804,base_model.model.roberta.encoder.layer.11.output.dense.weight,base,32.25425665985377
3.0,804,base_model.model.roberta.encoder.layer.11.output.dense.weight,delta,2.343972059968051
3.0,804,base_model.model.roberta.encoder.layer.11.output.dense.weight,effective,32.39666568254713
3.0,804,base_model.model.roberta.encoder.layer.12.attention.self.query.weight,base,19.80133963517949
3.0,804,base_model.model.roberta.encoder.layer.12.attention.self.query.weight,delta,1.056636324896497
3.0,804,base_model.model.roberta.encoder.layer.12.attention.self.query.weight,effective,20.073162131153037
3.0,804,base_model.model.roberta.encoder.layer.12.attention.self.key.weight,base,59.51423417589006
3.0,804,base_model.model.roberta.encoder.layer.12.attention.self.key.weight,delta,3.4349125642287586
3.0,804,base_model.model.roberta.encoder.layer.12.attention.self.key.weight,effective,59.56232033946901
3.0,804,base_model.model.roberta.encoder.layer.12.attention.self.value.weight,base,104.55182735098823
3.0,804,base_model.model.roberta.encoder.layer.12.attention.self.value.weight,delta,1.1104467096282036
3.0,804,base_model.model.roberta.encoder.layer.12.attention.self.value.weight,effective,38.53061383048326
3.0,804,base_model.model.roberta.encoder.layer.12.attention.output.dense.weight,base,31.68961963951198
3.0,804,base_model.model.roberta.encoder.layer.12.attention.output.dense.weight,delta,1.226741299211926
3.0,804,base_model.model.roberta.encoder.layer.12.attention.output.dense.weight,effective,32.2889221026835
3.0,804,base_model.model.roberta.encoder.layer.12.intermediate.dense.weight,base,23.306472149343517
3.0,804,base_model.model.roberta.encoder.layer.12.intermediate.dense.weight,delta,1.098836545937783
3.0,804,base_model.model.roberta.encoder.layer.12.intermediate.dense.weight,effective,23.664633102056367
3.0,804,base_model.model.roberta.encoder.layer.12.output.dense.weight,base,33.73366981573814
3.0,804,base_model.model.roberta.encoder.layer.12.output.dense.weight,delta,1.046718242422011
3.0,804,base_model.model.roberta.encoder.layer.12.output.dense.weight,effective,34.06050179738854
3.0,804,base_model.model.roberta.encoder.layer.13.attention.self.query.weight,base,19.42719294240054
3.0,804,base_model.model.roberta.encoder.layer.13.attention.self.query.weight,delta,1.1325929112068536
3.0,804,base_model.model.roberta.encoder.layer.13.attention.self.query.weight,effective,19.31685971446052
3.0,804,base_model.model.roberta.encoder.layer.13.attention.self.key.weight,base,89.34542298597442
3.0,804,base_model.model.roberta.encoder.layer.13.attention.self.key.weight,delta,2.858278654711672
3.0,804,base_model.model.roberta.encoder.layer.13.attention.self.key.weight,effective,90.04594215354051
3.0,804,base_model.model.roberta.encoder.layer.13.attention.self.value.weight,base,103.98533663905238
3.0,804,base_model.model.roberta.encoder.layer.13.attention.self.value.weight,delta,1.0410362993032627
3.0,804,base_model.model.roberta.encoder.layer.13.attention.self.value.weight,effective,32.047720482873494
3.0,804,base_model.model.roberta.encoder.layer.13.attention.output.dense.weight,base,31.930869183442315
3.0,804,base_model.model.roberta.encoder.layer.13.attention.output.dense.weight,delta,1.4841903708133337
3.0,804,base_model.model.roberta.encoder.layer.13.attention.output.dense.weight,effective,32.25481244487997
3.0,804,base_model.model.roberta.encoder.layer.13.intermediate.dense.weight,base,21.4924861033959
3.0,804,base_model.model.roberta.encoder.layer.13.intermediate.dense.weight,delta,1.0803507543633128
3.0,804,base_model.model.roberta.encoder.layer.13.intermediate.dense.weight,effective,21.690892797033186
3.0,804,base_model.model.roberta.encoder.layer.13.output.dense.weight,base,38.45666001020537
3.0,804,base_model.model.roberta.encoder.layer.13.output.dense.weight,delta,1.139538047957493
3.0,804,base_model.model.roberta.encoder.layer.13.output.dense.weight,effective,38.62960582573203
3.0,804,base_model.model.roberta.encoder.layer.14.attention.self.query.weight,base,14.950092836443968
3.0,804,base_model.model.roberta.encoder.layer.14.attention.self.query.weight,delta,1.0466035542006513
3.0,804,base_model.model.roberta.encoder.layer.14.attention.self.query.weight,effective,15.091353373300324
3.0,804,base_model.model.roberta.encoder.layer.14.attention.self.key.weight,base,69.63970689456136
3.0,804,base_model.model.roberta.encoder.layer.14.attention.self.key.weight,delta,1.789678356958252
3.0,804,base_model.model.roberta.encoder.layer.14.attention.self.key.weight,effective,70.30797018680512
3.0,804,base_model.model.roberta.encoder.layer.14.attention.self.value.weight,base,105.91215913275136
3.0,804,base_model.model.roberta.encoder.layer.14.attention.self.value.weight,delta,1.0362105075510857
3.0,804,base_model.model.roberta.encoder.layer.14.attention.self.value.weight,effective,36.81335160548733
3.0,804,base_model.model.roberta.encoder.layer.14.attention.output.dense.weight,base,34.19242653847588
3.0,804,base_model.model.roberta.encoder.layer.14.attention.output.dense.weight,delta,2.634691792928435
3.0,804,base_model.model.roberta.encoder.layer.14.attention.output.dense.weight,effective,34.5117801459709
3.0,804,base_model.model.roberta.encoder.layer.14.intermediate.dense.weight,base,20.798387110600416
3.0,804,base_model.model.roberta.encoder.layer.14.intermediate.dense.weight,delta,1.1473016971234142
3.0,804,base_model.model.roberta.encoder.layer.14.intermediate.dense.weight,effective,20.976064470508103
3.0,804,base_model.model.roberta.encoder.layer.14.output.dense.weight,base,20.652845573172012
3.0,804,base_model.model.roberta.encoder.layer.14.output.dense.weight,delta,1.2001703934213637
3.0,804,base_model.model.roberta.encoder.layer.14.output.dense.weight,effective,20.777588886016137
3.0,804,base_model.model.roberta.encoder.layer.15.attention.self.query.weight,base,31.91981094559281
3.0,804,base_model.model.roberta.encoder.layer.15.attention.self.query.weight,delta,1.0427566553577112
3.0,804,base_model.model.roberta.encoder.layer.15.attention.self.query.weight,effective,31.275681893128482
3.0,804,base_model.model.roberta.encoder.layer.15.attention.self.key.weight,base,79.51391215956669
3.0,804,base_model.model.roberta.encoder.layer.15.attention.self.key.weight,delta,1.1024543601117784
3.0,804,base_model.model.roberta.encoder.layer.15.attention.self.key.weight,effective,50.62774869689853
3.0,804,base_model.model.roberta.encoder.layer.15.attention.self.value.weight,base,104.47581356199453
3.0,804,base_model.model.roberta.encoder.layer.15.attention.self.value.weight,delta,1.0297324878228393
3.0,804,base_model.model.roberta.encoder.layer.15.attention.self.value.weight,effective,25.120507836005064
3.0,804,base_model.model.roberta.encoder.layer.15.attention.output.dense.weight,base,15.276684828215696
3.0,804,base_model.model.roberta.encoder.layer.15.attention.output.dense.weight,delta,1.2239438319472715
3.0,804,base_model.model.roberta.encoder.layer.15.attention.output.dense.weight,effective,15.7469715180774
3.0,804,base_model.model.roberta.encoder.layer.15.intermediate.dense.weight,base,25.351985666495665
3.0,804,base_model.model.roberta.encoder.layer.15.intermediate.dense.weight,delta,1.2523343887700906
3.0,804,base_model.model.roberta.encoder.layer.15.intermediate.dense.weight,effective,25.705390649774824
3.0,804,base_model.model.roberta.encoder.layer.15.output.dense.weight,base,18.276873411306507
3.0,804,base_model.model.roberta.encoder.layer.15.output.dense.weight,delta,1.0215266626489077
3.0,804,base_model.model.roberta.encoder.layer.15.output.dense.weight,effective,19.651031614716576
3.0,804,base_model.model.roberta.encoder.layer.16.attention.self.query.weight,base,78.90741647514638
3.0,804,base_model.model.roberta.encoder.layer.16.attention.self.query.weight,delta,1.0575355686250354
3.0,804,base_model.model.roberta.encoder.layer.16.attention.self.query.weight,effective,34.49994458791524
3.0,804,base_model.model.roberta.encoder.layer.16.attention.self.key.weight,base,87.61963184012855
3.0,804,base_model.model.roberta.encoder.layer.16.attention.self.key.weight,delta,1.255972563464527
3.0,804,base_model.model.roberta.encoder.layer.16.attention.self.key.weight,effective,86.57950045861517
3.0,804,base_model.model.roberta.encoder.layer.16.attention.self.value.weight,base,97.07574430485145
3.0,804,base_model.model.roberta.encoder.layer.16.attention.self.value.weight,delta,1.007313189631648
3.0,804,base_model.model.roberta.encoder.layer.16.attention.self.value.weight,effective,8.860192190447085
3.0,804,base_model.model.roberta.encoder.layer.16.attention.output.dense.weight,base,14.660626448700963
3.0,804,base_model.model.roberta.encoder.layer.16.attention.output.dense.weight,delta,1.1940054007838836
3.0,804,base_model.model.roberta.encoder.layer.16.attention.output.dense.weight,effective,15.190792737301672
3.0,804,base_model.model.roberta.encoder.layer.16.intermediate.dense.weight,base,31.375570204423624
3.0,804,base_model.model.roberta.encoder.layer.16.intermediate.dense.weight,delta,1.1023084266670327
3.0,804,base_model.model.roberta.encoder.layer.16.intermediate.dense.weight,effective,31.164109901799865
3.0,804,base_model.model.roberta.encoder.layer.16.output.dense.weight,base,17.030436723646925
3.0,804,base_model.model.roberta.encoder.layer.16.output.dense.weight,delta,1.2285199444094104
3.0,804,base_model.model.roberta.encoder.layer.16.output.dense.weight,effective,15.55491575901945
3.0,804,base_model.model.roberta.encoder.layer.17.attention.self.query.weight,base,70.1967671110762
3.0,804,base_model.model.roberta.encoder.layer.17.attention.self.query.weight,delta,1.177406556936679
3.0,804,base_model.model.roberta.encoder.layer.17.attention.self.query.weight,effective,66.7539348030214
3.0,804,base_model.model.roberta.encoder.layer.17.attention.self.key.weight,base,76.19706060450874
3.0,804,base_model.model.roberta.encoder.layer.17.attention.self.key.weight,delta,2.5674598987273316
3.0,804,base_model.model.roberta.encoder.layer.17.attention.self.key.weight,effective,76.4833970538177
3.0,804,base_model.model.roberta.encoder.layer.17.attention.self.value.weight,base,118.53882569591501
3.0,804,base_model.model.roberta.encoder.layer.17.attention.self.value.weight,delta,1.0057880930229477
3.0,804,base_model.model.roberta.encoder.layer.17.attention.self.value.weight,effective,9.552791646506204
3.0,804,base_model.model.roberta.encoder.layer.17.attention.output.dense.weight,base,19.10130545413139
3.0,804,base_model.model.roberta.encoder.layer.17.attention.output.dense.weight,delta,1.046785350016029
3.0,804,base_model.model.roberta.encoder.layer.17.attention.output.dense.weight,effective,14.718869919373075
3.0,804,base_model.model.roberta.encoder.layer.17.intermediate.dense.weight,base,33.29412874555674
3.0,804,base_model.model.roberta.encoder.layer.17.intermediate.dense.weight,delta,1.1047582931729716
3.0,804,base_model.model.roberta.encoder.layer.17.intermediate.dense.weight,effective,33.740901242030134
3.0,804,base_model.model.roberta.encoder.layer.17.output.dense.weight,base,22.110656474802994
3.0,804,base_model.model.roberta.encoder.layer.17.output.dense.weight,delta,1.17156173634716
3.0,804,base_model.model.roberta.encoder.layer.17.output.dense.weight,effective,21.789900133517232
3.0,804,base_model.model.roberta.encoder.layer.18.attention.self.query.weight,base,73.4326767419924
3.0,804,base_model.model.roberta.encoder.layer.18.attention.self.query.weight,delta,1.0326125475809866
3.0,804,base_model.model.roberta.encoder.layer.18.attention.self.query.weight,effective,29.843116285181623
3.0,804,base_model.model.roberta.encoder.layer.18.attention.self.key.weight,base,80.37733857175729
3.0,804,base_model.model.roberta.encoder.layer.18.attention.self.key.weight,delta,1.97677142004209
3.0,804,base_model.model.roberta.encoder.layer.18.attention.self.key.weight,effective,80.52507578779893
3.0,804,base_model.model.roberta.encoder.layer.18.attention.self.value.weight,base,113.07689369586087
3.0,804,base_model.model.roberta.encoder.layer.18.attention.self.value.weight,delta,1.0400740665627086
3.0,804,base_model.model.roberta.encoder.layer.18.attention.self.value.weight,effective,18.804494873033043
3.0,804,base_model.model.roberta.encoder.layer.18.attention.output.dense.weight,base,18.028766680307434
3.0,804,base_model.model.roberta.encoder.layer.18.attention.output.dense.weight,delta,1.1057692831188484
3.0,804,base_model.model.roberta.encoder.layer.18.attention.output.dense.weight,effective,13.857345699776753
3.0,804,base_model.model.roberta.encoder.layer.18.intermediate.dense.weight,base,32.6844872681259
3.0,804,base_model.model.roberta.encoder.layer.18.intermediate.dense.weight,delta,1.0459003414145962
3.0,804,base_model.model.roberta.encoder.layer.18.intermediate.dense.weight,effective,10.329510586622222
3.0,804,base_model.model.roberta.encoder.layer.18.output.dense.weight,base,21.433488387626884
3.0,804,base_model.model.roberta.encoder.layer.18.output.dense.weight,delta,1.0721587429266763
3.0,804,base_model.model.roberta.encoder.layer.18.output.dense.weight,effective,6.0278967720718954
3.0,804,base_model.model.roberta.encoder.layer.19.attention.self.query.weight,base,92.59084682443176
3.0,804,base_model.model.roberta.encoder.layer.19.attention.self.query.weight,delta,1.1230905050600735
3.0,804,base_model.model.roberta.encoder.layer.19.attention.self.query.weight,effective,10.201977501987182
3.0,804,base_model.model.roberta.encoder.layer.19.attention.self.key.weight,base,70.02834221049284
3.0,804,base_model.model.roberta.encoder.layer.19.attention.self.key.weight,delta,1.1801119019480433
3.0,804,base_model.model.roberta.encoder.layer.19.attention.self.key.weight,effective,17.034339686835313
3.0,804,base_model.model.roberta.encoder.layer.19.attention.self.value.weight,base,156.64708687234096
3.0,804,base_model.model.roberta.encoder.layer.19.attention.self.value.weight,delta,1.0565707267177755
3.0,804,base_model.model.roberta.encoder.layer.19.attention.self.value.weight,effective,7.4117566674415825
3.0,804,base_model.model.roberta.encoder.layer.19.attention.output.dense.weight,base,17.494144024820685
3.0,804,base_model.model.roberta.encoder.layer.19.attention.output.dense.weight,delta,1.0366718046384942
3.0,804,base_model.model.roberta.encoder.layer.19.attention.output.dense.weight,effective,2.087441280976954
3.0,804,base_model.model.roberta.encoder.layer.19.intermediate.dense.weight,base,28.92210384099705
3.0,804,base_model.model.roberta.encoder.layer.19.intermediate.dense.weight,delta,1.0194900449988793
3.0,804,base_model.model.roberta.encoder.layer.19.intermediate.dense.weight,effective,2.0214827209569086
3.0,804,base_model.model.roberta.encoder.layer.19.output.dense.weight,base,19.716475538939285
3.0,804,base_model.model.roberta.encoder.layer.19.output.dense.weight,delta,1.0636601959028182
3.0,804,base_model.model.roberta.encoder.layer.19.output.dense.weight,effective,1.6492774382229725
3.0,804,base_model.model.roberta.encoder.layer.20.attention.self.query.weight,base,77.2070215501793
3.0,804,base_model.model.roberta.encoder.layer.20.attention.self.query.weight,delta,1.0408091663986054
3.0,804,base_model.model.roberta.encoder.layer.20.attention.self.query.weight,effective,7.226384147633402
3.0,804,base_model.model.roberta.encoder.layer.20.attention.self.key.weight,base,54.8302367686625
3.0,804,base_model.model.roberta.encoder.layer.20.attention.self.key.weight,delta,1.0164926923052287
3.0,804,base_model.model.roberta.encoder.layer.20.attention.self.key.weight,effective,3.107710467992083
3.0,804,base_model.model.roberta.encoder.layer.20.attention.self.value.weight,base,108.43384596250647
3.0,804,base_model.model.roberta.encoder.layer.20.attention.self.value.weight,delta,1.0219587972653605
3.0,804,base_model.model.roberta.encoder.layer.20.attention.self.value.weight,effective,1.30916770854081
3.0,804,base_model.model.roberta.encoder.layer.20.attention.output.dense.weight,base,15.783675262019102
3.0,804,base_model.model.roberta.encoder.layer.20.attention.output.dense.weight,delta,1.013866278102546
3.0,804,base_model.model.roberta.encoder.layer.20.attention.output.dense.weight,effective,1.1096173274905223
3.0,804,base_model.model.roberta.encoder.layer.20.intermediate.dense.weight,base,24.95680646951418
3.0,804,base_model.model.roberta.encoder.layer.20.intermediate.dense.weight,delta,1.2440853490500052
3.0,804,base_model.model.roberta.encoder.layer.20.intermediate.dense.weight,effective,3.9643574432480384
3.0,804,base_model.model.roberta.encoder.layer.20.output.dense.weight,base,18.867906855073496
3.0,804,base_model.model.roberta.encoder.layer.20.output.dense.weight,delta,1.0335482108669996
3.0,804,base_model.model.roberta.encoder.layer.20.output.dense.weight,effective,1.3146831355516535
3.0,804,base_model.model.roberta.encoder.layer.21.attention.self.query.weight,base,49.271407326276666
3.0,804,base_model.model.roberta.encoder.layer.21.attention.self.query.weight,delta,1.1293217387036212
3.0,804,base_model.model.roberta.encoder.layer.21.attention.self.query.weight,effective,4.266403178814539
3.0,804,base_model.model.roberta.encoder.layer.21.attention.self.key.weight,base,57.11420031170095
3.0,804,base_model.model.roberta.encoder.layer.21.attention.self.key.weight,delta,1.0502089125044654
3.0,804,base_model.model.roberta.encoder.layer.21.attention.self.key.weight,effective,2.932598061459858
3.0,804,base_model.model.roberta.encoder.layer.21.attention.self.value.weight,base,88.20789990778927
3.0,804,base_model.model.roberta.encoder.layer.21.attention.self.value.weight,delta,1.0331655931710848
3.0,804,base_model.model.roberta.encoder.layer.21.attention.self.value.weight,effective,1.5008118137148891
3.0,804,base_model.model.roberta.encoder.layer.21.attention.output.dense.weight,base,17.47041927386182
3.0,804,base_model.model.roberta.encoder.layer.21.attention.output.dense.weight,delta,1.1933468468466515
3.0,804,base_model.model.roberta.encoder.layer.21.attention.output.dense.weight,effective,1.652624963085807
3.0,804,base_model.model.roberta.encoder.layer.21.intermediate.dense.weight,base,23.56764144333285
3.0,804,base_model.model.roberta.encoder.layer.21.intermediate.dense.weight,delta,1.1716031496405253
3.0,804,base_model.model.roberta.encoder.layer.21.intermediate.dense.weight,effective,2.0872744833587404
3.0,804,base_model.model.roberta.encoder.layer.21.output.dense.weight,base,18.248913160750156
3.0,804,base_model.model.roberta.encoder.layer.21.output.dense.weight,delta,1.1498297773711614
3.0,804,base_model.model.roberta.encoder.layer.21.output.dense.weight,effective,1.6003643609531402
3.0,804,base_model.model.roberta.encoder.layer.22.attention.self.query.weight,base,36.14561126745775
3.0,804,base_model.model.roberta.encoder.layer.22.attention.self.query.weight,delta,1.204861391674742
3.0,804,base_model.model.roberta.encoder.layer.22.attention.self.query.weight,effective,2.6970192107711966
3.0,804,base_model.model.roberta.encoder.layer.22.attention.self.key.weight,base,40.92040908934638
3.0,804,base_model.model.roberta.encoder.layer.22.attention.self.key.weight,delta,1.1654783347688344
3.0,804,base_model.model.roberta.encoder.layer.22.attention.self.key.weight,effective,4.416842098521133
3.0,804,base_model.model.roberta.encoder.layer.22.attention.self.value.weight,base,82.81308503859607
3.0,804,base_model.model.roberta.encoder.layer.22.attention.self.value.weight,delta,1.0555012469301785
3.0,804,base_model.model.roberta.encoder.layer.22.attention.self.value.weight,effective,1.5460455566551183
3.0,804,base_model.model.roberta.encoder.layer.22.attention.output.dense.weight,base,13.58594952450877
3.0,804,base_model.model.roberta.encoder.layer.22.attention.output.dense.weight,delta,1.2752254181510008
3.0,804,base_model.model.roberta.encoder.layer.22.attention.output.dense.weight,effective,1.8267785057917854
3.0,804,base_model.model.roberta.encoder.layer.22.intermediate.dense.weight,base,24.910133626088907
3.0,804,base_model.model.roberta.encoder.layer.22.intermediate.dense.weight,delta,1.5720102380218062
3.0,804,base_model.model.roberta.encoder.layer.22.intermediate.dense.weight,effective,2.7148398433375602
3.0,804,base_model.model.roberta.encoder.layer.22.output.dense.weight,base,25.045894912432924
3.0,804,base_model.model.roberta.encoder.layer.22.output.dense.weight,delta,1.0911122536099
3.0,804,base_model.model.roberta.encoder.layer.22.output.dense.weight,effective,1.6704131841082812
3.0,804,base_model.model.roberta.encoder.layer.23.attention.self.query.weight,base,37.62998506488351
3.0,804,base_model.model.roberta.encoder.layer.23.attention.self.query.weight,delta,1.1112025385365907
3.0,804,base_model.model.roberta.encoder.layer.23.attention.self.query.weight,effective,1.5735562765968925
3.0,804,base_model.model.roberta.encoder.layer.23.attention.self.key.weight,base,44.522602587031
3.0,804,base_model.model.roberta.encoder.layer.23.attention.self.key.weight,delta,1.3261649769164978
3.0,804,base_model.model.roberta.encoder.layer.23.attention.self.key.weight,effective,2.47738917619757
3.0,804,base_model.model.roberta.encoder.layer.23.attention.self.value.weight,base,140.48234274667016
3.0,804,base_model.model.roberta.encoder.layer.23.attention.self.value.weight,delta,1.0015074484006583
3.0,804,base_model.model.roberta.encoder.layer.23.attention.self.value.weight,effective,1.3348800479951435
3.0,804,base_model.model.roberta.encoder.layer.23.attention.output.dense.weight,base,26.479698821973777
3.0,804,base_model.model.roberta.encoder.layer.23.attention.output.dense.weight,delta,1.063792193846559
3.0,804,base_model.model.roberta.encoder.layer.23.attention.output.dense.weight,effective,1.3585701149167886
3.0,804,base_model.model.roberta.encoder.layer.23.intermediate.dense.weight,base,27.593546720529336
3.0,804,base_model.model.roberta.encoder.layer.23.intermediate.dense.weight,delta,1.0226963410587477
3.0,804,base_model.model.roberta.encoder.layer.23.intermediate.dense.weight,effective,1.1236919519845538
3.0,804,base_model.model.roberta.encoder.layer.23.output.dense.weight,base,16.276755463995432
3.0,804,base_model.model.roberta.encoder.layer.23.output.dense.weight,delta,1.0951305868377301
3.0,804,base_model.model.roberta.encoder.layer.23.output.dense.weight,effective,2.649180846472259
3.0,804,base_model.model.classifier.original_module.dense.weight,base,258.8424339753757
3.0,804,base_model.model.classifier.original_module.out_proj.weight,base,1.961009110086757
3.0,804,base_model.model.classifier.modules_to_save.default.dense.weight,base,6.7109358740374745
3.0,804,base_model.model.classifier.modules_to_save.default.out_proj.weight,base,1.4743621168552876
4.0,1072,base_model.model.roberta.embeddings.word_embeddings.weight,base,2.8762521464546524
4.0,1072,base_model.model.roberta.embeddings.position_embeddings.weight,base,1.794806501817938
4.0,1072,base_model.model.roberta.embeddings.token_type_embeddings.weight,base,0.0
4.0,1072,base_model.model.roberta.encoder.layer.0.attention.self.query.weight,base,65.16850243294316
4.0,1072,base_model.model.roberta.encoder.layer.0.attention.self.query.weight,delta,2.164709819483934
4.0,1072,base_model.model.roberta.encoder.layer.0.attention.self.query.weight,effective,65.4229411430578
4.0,1072,base_model.model.roberta.encoder.layer.0.attention.self.key.weight,base,130.91481538106177
4.0,1072,base_model.model.roberta.encoder.layer.0.attention.self.key.weight,delta,2.7865563595431535
4.0,1072,base_model.model.roberta.encoder.layer.0.attention.self.key.weight,effective,131.09622726230546
4.0,1072,base_model.model.roberta.encoder.layer.0.attention.self.value.weight,base,88.31941014198881
4.0,1072,base_model.model.roberta.encoder.layer.0.attention.self.value.weight,delta,1.4091414178517956
4.0,1072,base_model.model.roberta.encoder.layer.0.attention.self.value.weight,effective,87.05145466670668
4.0,1072,base_model.model.roberta.encoder.layer.0.attention.output.dense.weight,base,5.915947919238045
4.0,1072,base_model.model.roberta.encoder.layer.0.attention.output.dense.weight,delta,1.8702468194004072
4.0,1072,base_model.model.roberta.encoder.layer.0.attention.output.dense.weight,effective,5.96569624605545
4.0,1072,base_model.model.roberta.encoder.layer.0.intermediate.dense.weight,base,7.211772906074545
4.0,1072,base_model.model.roberta.encoder.layer.0.intermediate.dense.weight,delta,1.1264455441858179
4.0,1072,base_model.model.roberta.encoder.layer.0.intermediate.dense.weight,effective,7.313247383198118
4.0,1072,base_model.model.roberta.encoder.layer.0.output.dense.weight,base,45.444507184256565
4.0,1072,base_model.model.roberta.encoder.layer.0.output.dense.weight,delta,2.321503358007304
4.0,1072,base_model.model.roberta.encoder.layer.0.output.dense.weight,effective,45.73753603626745
4.0,1072,base_model.model.roberta.encoder.layer.1.attention.self.query.weight,base,49.83982559284896
4.0,1072,base_model.model.roberta.encoder.layer.1.attention.self.query.weight,delta,1.1932764164224747
4.0,1072,base_model.model.roberta.encoder.layer.1.attention.self.query.weight,effective,49.72076332727719
4.0,1072,base_model.model.roberta.encoder.layer.1.attention.self.key.weight,base,36.683594715722144
4.0,1072,base_model.model.roberta.encoder.layer.1.attention.self.key.weight,delta,1.8544624937965248
4.0,1072,base_model.model.roberta.encoder.layer.1.attention.self.key.weight,effective,36.253381418947804
4.0,1072,base_model.model.roberta.encoder.layer.1.attention.self.value.weight,base,100.83349896198295
4.0,1072,base_model.model.roberta.encoder.layer.1.attention.self.value.weight,delta,1.0674140219356638
4.0,1072,base_model.model.roberta.encoder.layer.1.attention.self.value.weight,effective,24.600559261918832
4.0,1072,base_model.model.roberta.encoder.layer.1.attention.output.dense.weight,base,14.804032969892802
4.0,1072,base_model.model.roberta.encoder.layer.1.attention.output.dense.weight,delta,1.3323904863519571
4.0,1072,base_model.model.roberta.encoder.layer.1.attention.output.dense.weight,effective,14.994330184534398
4.0,1072,base_model.model.roberta.encoder.layer.1.intermediate.dense.weight,base,10.80473028402092
4.0,1072,base_model.model.roberta.encoder.layer.1.intermediate.dense.weight,delta,1.0874773554850448
4.0,1072,base_model.model.roberta.encoder.layer.1.intermediate.dense.weight,effective,11.631280586081212
4.0,1072,base_model.model.roberta.encoder.layer.1.output.dense.weight,base,29.953815799001653
4.0,1072,base_model.model.roberta.encoder.layer.1.output.dense.weight,delta,1.1115362494375751
4.0,1072,base_model.model.roberta.encoder.layer.1.output.dense.weight,effective,30.13990355551619
4.0,1072,base_model.model.roberta.encoder.layer.2.attention.self.query.weight,base,49.94102365282341
4.0,1072,base_model.model.roberta.encoder.layer.2.attention.self.query.weight,delta,1.100178059555609
4.0,1072,base_model.model.roberta.encoder.layer.2.attention.self.query.weight,effective,50.40228121469827
4.0,1072,base_model.model.roberta.encoder.layer.2.attention.self.key.weight,base,56.246165221169115
4.0,1072,base_model.model.roberta.encoder.layer.2.attention.self.key.weight,delta,1.6044817405031782
4.0,1072,base_model.model.roberta.encoder.layer.2.attention.self.key.weight,effective,56.45081881585746
4.0,1072,base_model.model.roberta.encoder.layer.2.attention.self.value.weight,base,53.35955946695758
4.0,1072,base_model.model.roberta.encoder.layer.2.attention.self.value.weight,delta,1.061059317150718
4.0,1072,base_model.model.roberta.encoder.layer.2.attention.self.value.weight,effective,16.358660561581527
4.0,1072,base_model.model.roberta.encoder.layer.2.attention.output.dense.weight,base,14.211729843144505
4.0,1072,base_model.model.roberta.encoder.layer.2.attention.output.dense.weight,delta,1.6556997608959085
4.0,1072,base_model.model.roberta.encoder.layer.2.attention.output.dense.weight,effective,14.543202057519293
4.0,1072,base_model.model.roberta.encoder.layer.2.intermediate.dense.weight,base,14.171262905121031
4.0,1072,base_model.model.roberta.encoder.layer.2.intermediate.dense.weight,delta,1.0461869159229056
4.0,1072,base_model.model.roberta.encoder.layer.2.intermediate.dense.weight,effective,12.823757540998416
4.0,1072,base_model.model.roberta.encoder.layer.2.output.dense.weight,base,27.617960006342027
4.0,1072,base_model.model.roberta.encoder.layer.2.output.dense.weight,delta,1.0729030337955707
4.0,1072,base_model.model.roberta.encoder.layer.2.output.dense.weight,effective,27.212897326690463
4.0,1072,base_model.model.roberta.encoder.layer.3.attention.self.query.weight,base,40.38710324398324
4.0,1072,base_model.model.roberta.encoder.layer.3.attention.self.query.weight,delta,1.2247530775491504
4.0,1072,base_model.model.roberta.encoder.layer.3.attention.self.query.weight,effective,40.78305198935917
4.0,1072,base_model.model.roberta.encoder.layer.3.attention.self.key.weight,base,52.78959322892153
4.0,1072,base_model.model.roberta.encoder.layer.3.attention.self.key.weight,delta,1.5323846409887725
4.0,1072,base_model.model.roberta.encoder.layer.3.attention.self.key.weight,effective,53.13039292068674
4.0,1072,base_model.model.roberta.encoder.layer.3.attention.self.value.weight,base,85.08426624756609
4.0,1072,base_model.model.roberta.encoder.layer.3.attention.self.value.weight,delta,1.0134133379349575
4.0,1072,base_model.model.roberta.encoder.layer.3.attention.self.value.weight,effective,13.710466850457891
4.0,1072,base_model.model.roberta.encoder.layer.3.attention.output.dense.weight,base,21.91678510152632
4.0,1072,base_model.model.roberta.encoder.layer.3.attention.output.dense.weight,delta,1.331242236654066
4.0,1072,base_model.model.roberta.encoder.layer.3.attention.output.dense.weight,effective,21.255971325797603
4.0,1072,base_model.model.roberta.encoder.layer.3.intermediate.dense.weight,base,20.110905845538312
4.0,1072,base_model.model.roberta.encoder.layer.3.intermediate.dense.weight,delta,1.0621559053258427
4.0,1072,base_model.model.roberta.encoder.layer.3.intermediate.dense.weight,effective,20.269324108379095
4.0,1072,base_model.model.roberta.encoder.layer.3.output.dense.weight,base,25.971211357979648
4.0,1072,base_model.model.roberta.encoder.layer.3.output.dense.weight,delta,1.119139399702084
4.0,1072,base_model.model.roberta.encoder.layer.3.output.dense.weight,effective,25.87745083206148
4.0,1072,base_model.model.roberta.encoder.layer.4.attention.self.query.weight,base,16.316341559015992
4.0,1072,base_model.model.roberta.encoder.layer.4.attention.self.query.weight,delta,1.0344455122563299
4.0,1072,base_model.model.roberta.encoder.layer.4.attention.self.query.weight,effective,16.82379639512718
4.0,1072,base_model.model.roberta.encoder.layer.4.attention.self.key.weight,base,61.19224054984023
4.0,1072,base_model.model.roberta.encoder.layer.4.attention.self.key.weight,delta,1.7214872752923616
4.0,1072,base_model.model.roberta.encoder.layer.4.attention.self.key.weight,effective,60.870506987542484
4.0,1072,base_model.model.roberta.encoder.layer.4.attention.self.value.weight,base,105.4275948284823
4.0,1072,base_model.model.roberta.encoder.layer.4.attention.self.value.weight,delta,1.0076947496396365
4.0,1072,base_model.model.roberta.encoder.layer.4.attention.self.value.weight,effective,8.943934805315802
4.0,1072,base_model.model.roberta.encoder.layer.4.attention.output.dense.weight,base,20.803518310365877
4.0,1072,base_model.model.roberta.encoder.layer.4.attention.output.dense.weight,delta,1.1885716253860132
4.0,1072,base_model.model.roberta.encoder.layer.4.attention.output.dense.weight,effective,21.088537866885257
4.0,1072,base_model.model.roberta.encoder.layer.4.intermediate.dense.weight,base,20.02480060993551
4.0,1072,base_model.model.roberta.encoder.layer.4.intermediate.dense.weight,delta,1.0567516580890925
4.0,1072,base_model.model.roberta.encoder.layer.4.intermediate.dense.weight,effective,20.300741158803977
4.0,1072,base_model.model.roberta.encoder.layer.4.output.dense.weight,base,29.728196317360545
4.0,1072,base_model.model.roberta.encoder.layer.4.output.dense.weight,delta,1.1575024530267959
4.0,1072,base_model.model.roberta.encoder.layer.4.output.dense.weight,effective,29.96317719673729
4.0,1072,base_model.model.roberta.encoder.layer.5.attention.self.query.weight,base,11.762495176171988
4.0,1072,base_model.model.roberta.encoder.layer.5.attention.self.query.weight,delta,1.0818522438739717
4.0,1072,base_model.model.roberta.encoder.layer.5.attention.self.query.weight,effective,11.995113906188655
4.0,1072,base_model.model.roberta.encoder.layer.5.attention.self.key.weight,base,61.699005373669515
4.0,1072,base_model.model.roberta.encoder.layer.5.attention.self.key.weight,delta,3.678278620172667
4.0,1072,base_model.model.roberta.encoder.layer.5.attention.self.key.weight,effective,62.16432864913288
4.0,1072,base_model.model.roberta.encoder.layer.5.attention.self.value.weight,base,99.56625816874656
4.0,1072,base_model.model.roberta.encoder.layer.5.attention.self.value.weight,delta,1.0165292729541562
4.0,1072,base_model.model.roberta.encoder.layer.5.attention.self.value.weight,effective,17.339278097928002
4.0,1072,base_model.model.roberta.encoder.layer.5.attention.output.dense.weight,base,26.298959057905314
4.0,1072,base_model.model.roberta.encoder.layer.5.attention.output.dense.weight,delta,1.4840133270104203
4.0,1072,base_model.model.roberta.encoder.layer.5.attention.output.dense.weight,effective,26.55806635560168
4.0,1072,base_model.model.roberta.encoder.layer.5.intermediate.dense.weight,base,20.785218764453894
4.0,1072,base_model.model.roberta.encoder.layer.5.intermediate.dense.weight,delta,1.0735545361415606
4.0,1072,base_model.model.roberta.encoder.layer.5.intermediate.dense.weight,effective,21.115090044395462
4.0,1072,base_model.model.roberta.encoder.layer.5.output.dense.weight,base,35.247083242875256
4.0,1072,base_model.model.roberta.encoder.layer.5.output.dense.weight,delta,1.1154402483838035
4.0,1072,base_model.model.roberta.encoder.layer.5.output.dense.weight,effective,35.73549825375998
4.0,1072,base_model.model.roberta.encoder.layer.6.attention.self.query.weight,base,14.075301678596741
4.0,1072,base_model.model.roberta.encoder.layer.6.attention.self.query.weight,delta,1.1776366804363658
4.0,1072,base_model.model.roberta.encoder.layer.6.attention.self.query.weight,effective,14.211747134372635
4.0,1072,base_model.model.roberta.encoder.layer.6.attention.self.key.weight,base,66.43951114473974
4.0,1072,base_model.model.roberta.encoder.layer.6.attention.self.key.weight,delta,2.357172861173188
4.0,1072,base_model.model.roberta.encoder.layer.6.attention.self.key.weight,effective,66.81717175127761
4.0,1072,base_model.model.roberta.encoder.layer.6.attention.self.value.weight,base,90.24191649634543
4.0,1072,base_model.model.roberta.encoder.layer.6.attention.self.value.weight,delta,1.015319326912261
4.0,1072,base_model.model.roberta.encoder.layer.6.attention.self.value.weight,effective,18.111946165181735
4.0,1072,base_model.model.roberta.encoder.layer.6.attention.output.dense.weight,base,29.94873534068194
4.0,1072,base_model.model.roberta.encoder.layer.6.attention.output.dense.weight,delta,1.7400562488434665
4.0,1072,base_model.model.roberta.encoder.layer.6.attention.output.dense.weight,effective,30.308667242128326
4.0,1072,base_model.model.roberta.encoder.layer.6.intermediate.dense.weight,base,22.03994696544542
4.0,1072,base_model.model.roberta.encoder.layer.6.intermediate.dense.weight,delta,1.0358769652320499
4.0,1072,base_model.model.roberta.encoder.layer.6.intermediate.dense.weight,effective,21.600913195258634
4.0,1072,base_model.model.roberta.encoder.layer.6.output.dense.weight,base,32.14799086383212
4.0,1072,base_model.model.roberta.encoder.layer.6.output.dense.weight,delta,1.0159771362836338
4.0,1072,base_model.model.roberta.encoder.layer.6.output.dense.weight,effective,21.8349275725291
4.0,1072,base_model.model.roberta.encoder.layer.7.attention.self.query.weight,base,14.658838567416794
4.0,1072,base_model.model.roberta.encoder.layer.7.attention.self.query.weight,delta,1.0685915444978726
4.0,1072,base_model.model.roberta.encoder.layer.7.attention.self.query.weight,effective,14.861373878407337
4.0,1072,base_model.model.roberta.encoder.layer.7.attention.self.key.weight,base,70.99344042385209
4.0,1072,base_model.model.roberta.encoder.layer.7.attention.self.key.weight,delta,1.8713650962692248
4.0,1072,base_model.model.roberta.encoder.layer.7.attention.self.key.weight,effective,71.03054785823731
4.0,1072,base_model.model.roberta.encoder.layer.7.attention.self.value.weight,base,77.89752183447247
4.0,1072,base_model.model.roberta.encoder.layer.7.attention.self.value.weight,delta,1.0142095591169962
4.0,1072,base_model.model.roberta.encoder.layer.7.attention.self.value.weight,effective,17.600000527396258
4.0,1072,base_model.model.roberta.encoder.layer.7.attention.output.dense.weight,base,26.25258171912584
4.0,1072,base_model.model.roberta.encoder.layer.7.attention.output.dense.weight,delta,1.4358135035623665
4.0,1072,base_model.model.roberta.encoder.layer.7.attention.output.dense.weight,effective,26.688749924962437
4.0,1072,base_model.model.roberta.encoder.layer.7.intermediate.dense.weight,base,21.184176643360725
4.0,1072,base_model.model.roberta.encoder.layer.7.intermediate.dense.weight,delta,1.0582076247866583
4.0,1072,base_model.model.roberta.encoder.layer.7.intermediate.dense.weight,effective,21.524979228877022
4.0,1072,base_model.model.roberta.encoder.layer.7.output.dense.weight,base,30.771296447145282
4.0,1072,base_model.model.roberta.encoder.layer.7.output.dense.weight,delta,1.1052522704980394
4.0,1072,base_model.model.roberta.encoder.layer.7.output.dense.weight,effective,31.091103249885997
4.0,1072,base_model.model.roberta.encoder.layer.8.attention.self.query.weight,base,19.554995123435056
4.0,1072,base_model.model.roberta.encoder.layer.8.attention.self.query.weight,delta,1.0408857984912006
4.0,1072,base_model.model.roberta.encoder.layer.8.attention.self.query.weight,effective,19.495809583421558
4.0,1072,base_model.model.roberta.encoder.layer.8.attention.self.key.weight,base,72.46252770643032
4.0,1072,base_model.model.roberta.encoder.layer.8.attention.self.key.weight,delta,2.659612247821728
4.0,1072,base_model.model.roberta.encoder.layer.8.attention.self.key.weight,effective,72.80668695572872
4.0,1072,base_model.model.roberta.encoder.layer.8.attention.self.value.weight,base,68.24090761427492
4.0,1072,base_model.model.roberta.encoder.layer.8.attention.self.value.weight,delta,1.0141502598782972
4.0,1072,base_model.model.roberta.encoder.layer.8.attention.self.value.weight,effective,16.499043576324038
4.0,1072,base_model.model.roberta.encoder.layer.8.attention.output.dense.weight,base,25.215026114384766
4.0,1072,base_model.model.roberta.encoder.layer.8.attention.output.dense.weight,delta,1.8049047691801008
4.0,1072,base_model.model.roberta.encoder.layer.8.attention.output.dense.weight,effective,25.407931231049957
4.0,1072,base_model.model.roberta.encoder.layer.8.intermediate.dense.weight,base,22.94873607984339
4.0,1072,base_model.model.roberta.encoder.layer.8.intermediate.dense.weight,delta,1.0446771005850217
4.0,1072,base_model.model.roberta.encoder.layer.8.intermediate.dense.weight,effective,23.519772451715376
4.0,1072,base_model.model.roberta.encoder.layer.8.output.dense.weight,base,33.20090685709213
4.0,1072,base_model.model.roberta.encoder.layer.8.output.dense.weight,delta,1.136469131316163
4.0,1072,base_model.model.roberta.encoder.layer.8.output.dense.weight,effective,33.64623876542245
4.0,1072,base_model.model.roberta.encoder.layer.9.attention.self.query.weight,base,14.074112128999012
4.0,1072,base_model.model.roberta.encoder.layer.9.attention.self.query.weight,delta,1.0565919434637385
4.0,1072,base_model.model.roberta.encoder.layer.9.attention.self.query.weight,effective,14.298274502222014
4.0,1072,base_model.model.roberta.encoder.layer.9.attention.self.key.weight,base,82.21456241058715
4.0,1072,base_model.model.roberta.encoder.layer.9.attention.self.key.weight,delta,4.613286183580401
4.0,1072,base_model.model.roberta.encoder.layer.9.attention.self.key.weight,effective,82.62258454948581
4.0,1072,base_model.model.roberta.encoder.layer.9.attention.self.value.weight,base,94.15371923486272
4.0,1072,base_model.model.roberta.encoder.layer.9.attention.self.value.weight,delta,1.0135703519219885
4.0,1072,base_model.model.roberta.encoder.layer.9.attention.self.value.weight,effective,19.5926747368105
4.0,1072,base_model.model.roberta.encoder.layer.9.attention.output.dense.weight,base,27.16329966608273
4.0,1072,base_model.model.roberta.encoder.layer.9.attention.output.dense.weight,delta,1.9555988353348193
4.0,1072,base_model.model.roberta.encoder.layer.9.attention.output.dense.weight,effective,27.410977055046068
4.0,1072,base_model.model.roberta.encoder.layer.9.intermediate.dense.weight,base,22.8722040849843
4.0,1072,base_model.model.roberta.encoder.layer.9.intermediate.dense.weight,delta,1.0268743713379715
4.0,1072,base_model.model.roberta.encoder.layer.9.intermediate.dense.weight,effective,21.381960550615677
4.0,1072,base_model.model.roberta.encoder.layer.9.output.dense.weight,base,31.291706379686776
4.0,1072,base_model.model.roberta.encoder.layer.9.output.dense.weight,delta,1.0428769963263285
4.0,1072,base_model.model.roberta.encoder.layer.9.output.dense.weight,effective,31.610971110969352
4.0,1072,base_model.model.roberta.encoder.layer.10.attention.self.query.weight,base,43.93787210542925
4.0,1072,base_model.model.roberta.encoder.layer.10.attention.self.query.weight,delta,1.0363339592107872
4.0,1072,base_model.model.roberta.encoder.layer.10.attention.self.query.weight,effective,44.1926401331355
4.0,1072,base_model.model.roberta.encoder.layer.10.attention.self.key.weight,base,84.34775663528752
4.0,1072,base_model.model.roberta.encoder.layer.10.attention.self.key.weight,delta,3.6396431804994465
4.0,1072,base_model.model.roberta.encoder.layer.10.attention.self.key.weight,effective,84.55690589142596
4.0,1072,base_model.model.roberta.encoder.layer.10.attention.self.value.weight,base,95.82444154352557
4.0,1072,base_model.model.roberta.encoder.layer.10.attention.self.value.weight,delta,1.0134563178726577
4.0,1072,base_model.model.roberta.encoder.layer.10.attention.self.value.weight,effective,16.215590113265787
4.0,1072,base_model.model.roberta.encoder.layer.10.attention.output.dense.weight,base,25.41130698429029
4.0,1072,base_model.model.roberta.encoder.layer.10.attention.output.dense.weight,delta,1.2328180604134773
4.0,1072,base_model.model.roberta.encoder.layer.10.attention.output.dense.weight,effective,25.92446677026806
4.0,1072,base_model.model.roberta.encoder.layer.10.intermediate.dense.weight,base,23.61416247632014
4.0,1072,base_model.model.roberta.encoder.layer.10.intermediate.dense.weight,delta,1.0296994895588802
4.0,1072,base_model.model.roberta.encoder.layer.10.intermediate.dense.weight,effective,21.99618823245578
4.0,1072,base_model.model.roberta.encoder.layer.10.output.dense.weight,base,28.482765434223122
4.0,1072,base_model.model.roberta.encoder.layer.10.output.dense.weight,delta,1.3869137588345437
4.0,1072,base_model.model.roberta.encoder.layer.10.output.dense.weight,effective,28.653193345381702
4.0,1072,base_model.model.roberta.encoder.layer.11.attention.self.query.weight,base,42.711296516148266
4.0,1072,base_model.model.roberta.encoder.layer.11.attention.self.query.weight,delta,1.0957782604586779
4.0,1072,base_model.model.roberta.encoder.layer.11.attention.self.query.weight,effective,43.01051928613696
4.0,1072,base_model.model.roberta.encoder.layer.11.attention.self.key.weight,base,89.36574388593367
4.0,1072,base_model.model.roberta.encoder.layer.11.attention.self.key.weight,delta,1.924998866133209
4.0,1072,base_model.model.roberta.encoder.layer.11.attention.self.key.weight,effective,90.49747410525408
4.0,1072,base_model.model.roberta.encoder.layer.11.attention.self.value.weight,base,91.12228329898201
4.0,1072,base_model.model.roberta.encoder.layer.11.attention.self.value.weight,delta,1.0173499839559828
4.0,1072,base_model.model.roberta.encoder.layer.11.attention.self.value.weight,effective,24.30315476015987
4.0,1072,base_model.model.roberta.encoder.layer.11.attention.output.dense.weight,base,23.711106828708598
4.0,1072,base_model.model.roberta.encoder.layer.11.attention.output.dense.weight,delta,1.5942392071389806
4.0,1072,base_model.model.roberta.encoder.layer.11.attention.output.dense.weight,effective,23.983473944438213
4.0,1072,base_model.model.roberta.encoder.layer.11.intermediate.dense.weight,base,23.921582739751972
4.0,1072,base_model.model.roberta.encoder.layer.11.intermediate.dense.weight,delta,1.085352548741884
4.0,1072,base_model.model.roberta.encoder.layer.11.intermediate.dense.weight,effective,24.057680206244807
4.0,1072,base_model.model.roberta.encoder.layer.11.output.dense.weight,base,32.25425665985377
4.0,1072,base_model.model.roberta.encoder.layer.11.output.dense.weight,delta,2.343972059968051
4.0,1072,base_model.model.roberta.encoder.layer.11.output.dense.weight,effective,32.39666568254713
4.0,1072,base_model.model.roberta.encoder.layer.12.attention.self.query.weight,base,19.80133963517949
4.0,1072,base_model.model.roberta.encoder.layer.12.attention.self.query.weight,delta,1.056636324896497
4.0,1072,base_model.model.roberta.encoder.layer.12.attention.self.query.weight,effective,20.073162131153037
4.0,1072,base_model.model.roberta.encoder.layer.12.attention.self.key.weight,base,59.51423417589006
4.0,1072,base_model.model.roberta.encoder.layer.12.attention.self.key.weight,delta,3.4349125642287586
4.0,1072,base_model.model.roberta.encoder.layer.12.attention.self.key.weight,effective,59.56232033946901
4.0,1072,base_model.model.roberta.encoder.layer.12.attention.self.value.weight,base,104.55182735098823
4.0,1072,base_model.model.roberta.encoder.layer.12.attention.self.value.weight,delta,1.1104467096282036
4.0,1072,base_model.model.roberta.encoder.layer.12.attention.self.value.weight,effective,38.53061383048326
4.0,1072,base_model.model.roberta.encoder.layer.12.attention.output.dense.weight,base,31.68961963951198
4.0,1072,base_model.model.roberta.encoder.layer.12.attention.output.dense.weight,delta,1.226741299211926
4.0,1072,base_model.model.roberta.encoder.layer.12.attention.output.dense.weight,effective,32.2889221026835
4.0,1072,base_model.model.roberta.encoder.layer.12.intermediate.dense.weight,base,23.306472149343517
4.0,1072,base_model.model.roberta.encoder.layer.12.intermediate.dense.weight,delta,1.098836545937783
4.0,1072,base_model.model.roberta.encoder.layer.12.intermediate.dense.weight,effective,23.664633102056367
4.0,1072,base_model.model.roberta.encoder.layer.12.output.dense.weight,base,33.73366981573814
4.0,1072,base_model.model.roberta.encoder.layer.12.output.dense.weight,delta,1.046718242422011
4.0,1072,base_model.model.roberta.encoder.layer.12.output.dense.weight,effective,34.06050179738854
4.0,1072,base_model.model.roberta.encoder.layer.13.attention.self.query.weight,base,19.42719294240054
4.0,1072,base_model.model.roberta.encoder.layer.13.attention.self.query.weight,delta,1.1325929112068536
4.0,1072,base_model.model.roberta.encoder.layer.13.attention.self.query.weight,effective,19.31685971446052
4.0,1072,base_model.model.roberta.encoder.layer.13.attention.self.key.weight,base,89.34542298597442
4.0,1072,base_model.model.roberta.encoder.layer.13.attention.self.key.weight,delta,2.858278654711672
4.0,1072,base_model.model.roberta.encoder.layer.13.attention.self.key.weight,effective,90.04594215354051
4.0,1072,base_model.model.roberta.encoder.layer.13.attention.self.value.weight,base,103.98533663905238
4.0,1072,base_model.model.roberta.encoder.layer.13.attention.self.value.weight,delta,1.0410362993032627
4.0,1072,base_model.model.roberta.encoder.layer.13.attention.self.value.weight,effective,32.047720482873494
4.0,1072,base_model.model.roberta.encoder.layer.13.attention.output.dense.weight,base,31.930869183442315
4.0,1072,base_model.model.roberta.encoder.layer.13.attention.output.dense.weight,delta,1.4841903708133337
4.0,1072,base_model.model.roberta.encoder.layer.13.attention.output.dense.weight,effective,32.25481244487997
4.0,1072,base_model.model.roberta.encoder.layer.13.intermediate.dense.weight,base,21.4924861033959
4.0,1072,base_model.model.roberta.encoder.layer.13.intermediate.dense.weight,delta,1.0803507543633128
4.0,1072,base_model.model.roberta.encoder.layer.13.intermediate.dense.weight,effective,21.690892797033186
4.0,1072,base_model.model.roberta.encoder.layer.13.output.dense.weight,base,38.45666001020537
4.0,1072,base_model.model.roberta.encoder.layer.13.output.dense.weight,delta,1.139538047957493
4.0,1072,base_model.model.roberta.encoder.layer.13.output.dense.weight,effective,38.62960582573203
4.0,1072,base_model.model.roberta.encoder.layer.14.attention.self.query.weight,base,14.950092836443968
4.0,1072,base_model.model.roberta.encoder.layer.14.attention.self.query.weight,delta,1.0466035542006513
4.0,1072,base_model.model.roberta.encoder.layer.14.attention.self.query.weight,effective,15.091353373300324
4.0,1072,base_model.model.roberta.encoder.layer.14.attention.self.key.weight,base,69.63970689456136
4.0,1072,base_model.model.roberta.encoder.layer.14.attention.self.key.weight,delta,1.789678356958252
4.0,1072,base_model.model.roberta.encoder.layer.14.attention.self.key.weight,effective,70.30797018680512
4.0,1072,base_model.model.roberta.encoder.layer.14.attention.self.value.weight,base,105.91215913275136
4.0,1072,base_model.model.roberta.encoder.layer.14.attention.self.value.weight,delta,1.0362105075510857
4.0,1072,base_model.model.roberta.encoder.layer.14.attention.self.value.weight,effective,36.81335160548733
4.0,1072,base_model.model.roberta.encoder.layer.14.attention.output.dense.weight,base,34.19242653847588
4.0,1072,base_model.model.roberta.encoder.layer.14.attention.output.dense.weight,delta,2.634691792928435
4.0,1072,base_model.model.roberta.encoder.layer.14.attention.output.dense.weight,effective,34.5117801459709
4.0,1072,base_model.model.roberta.encoder.layer.14.intermediate.dense.weight,base,20.798387110600416
4.0,1072,base_model.model.roberta.encoder.layer.14.intermediate.dense.weight,delta,1.1473016971234142
4.0,1072,base_model.model.roberta.encoder.layer.14.intermediate.dense.weight,effective,20.976064470508103
4.0,1072,base_model.model.roberta.encoder.layer.14.output.dense.weight,base,20.652845573172012
4.0,1072,base_model.model.roberta.encoder.layer.14.output.dense.weight,delta,1.2001703934213637
4.0,1072,base_model.model.roberta.encoder.layer.14.output.dense.weight,effective,20.777588886016137
4.0,1072,base_model.model.roberta.encoder.layer.15.attention.self.query.weight,base,31.91981094559281
4.0,1072,base_model.model.roberta.encoder.layer.15.attention.self.query.weight,delta,1.0427566553577112
4.0,1072,base_model.model.roberta.encoder.layer.15.attention.self.query.weight,effective,31.275681893128482
4.0,1072,base_model.model.roberta.encoder.layer.15.attention.self.key.weight,base,79.51391215956669
4.0,1072,base_model.model.roberta.encoder.layer.15.attention.self.key.weight,delta,1.1024543601117784
4.0,1072,base_model.model.roberta.encoder.layer.15.attention.self.key.weight,effective,50.62774869689853
4.0,1072,base_model.model.roberta.encoder.layer.15.attention.self.value.weight,base,104.47581356199453
4.0,1072,base_model.model.roberta.encoder.layer.15.attention.self.value.weight,delta,1.0297324878228393
4.0,1072,base_model.model.roberta.encoder.layer.15.attention.self.value.weight,effective,25.120507836005064
4.0,1072,base_model.model.roberta.encoder.layer.15.attention.output.dense.weight,base,15.276684828215696
4.0,1072,base_model.model.roberta.encoder.layer.15.attention.output.dense.weight,delta,1.2239438319472715
4.0,1072,base_model.model.roberta.encoder.layer.15.attention.output.dense.weight,effective,15.7469715180774
4.0,1072,base_model.model.roberta.encoder.layer.15.intermediate.dense.weight,base,25.351985666495665
4.0,1072,base_model.model.roberta.encoder.layer.15.intermediate.dense.weight,delta,1.2523343887700906
4.0,1072,base_model.model.roberta.encoder.layer.15.intermediate.dense.weight,effective,25.705390649774824
4.0,1072,base_model.model.roberta.encoder.layer.15.output.dense.weight,base,18.276873411306507
4.0,1072,base_model.model.roberta.encoder.layer.15.output.dense.weight,delta,1.0215266626489077
4.0,1072,base_model.model.roberta.encoder.layer.15.output.dense.weight,effective,19.651031614716576
4.0,1072,base_model.model.roberta.encoder.layer.16.attention.self.query.weight,base,78.90741647514638
4.0,1072,base_model.model.roberta.encoder.layer.16.attention.self.query.weight,delta,1.0575355686250354
4.0,1072,base_model.model.roberta.encoder.layer.16.attention.self.query.weight,effective,34.49994458791524
4.0,1072,base_model.model.roberta.encoder.layer.16.attention.self.key.weight,base,87.61963184012855
4.0,1072,base_model.model.roberta.encoder.layer.16.attention.self.key.weight,delta,1.255972563464527
4.0,1072,base_model.model.roberta.encoder.layer.16.attention.self.key.weight,effective,86.57950045861517
4.0,1072,base_model.model.roberta.encoder.layer.16.attention.self.value.weight,base,97.07574430485145
4.0,1072,base_model.model.roberta.encoder.layer.16.attention.self.value.weight,delta,1.007313189631648
4.0,1072,base_model.model.roberta.encoder.layer.16.attention.self.value.weight,effective,8.860192190447085
4.0,1072,base_model.model.roberta.encoder.layer.16.attention.output.dense.weight,base,14.660626448700963
4.0,1072,base_model.model.roberta.encoder.layer.16.attention.output.dense.weight,delta,1.1940054007838836
4.0,1072,base_model.model.roberta.encoder.layer.16.attention.output.dense.weight,effective,15.190792737301672
4.0,1072,base_model.model.roberta.encoder.layer.16.intermediate.dense.weight,base,31.375570204423624
4.0,1072,base_model.model.roberta.encoder.layer.16.intermediate.dense.weight,delta,1.1023084266670327
4.0,1072,base_model.model.roberta.encoder.layer.16.intermediate.dense.weight,effective,31.164109901799865
4.0,1072,base_model.model.roberta.encoder.layer.16.output.dense.weight,base,17.030436723646925
4.0,1072,base_model.model.roberta.encoder.layer.16.output.dense.weight,delta,1.2285199444094104
4.0,1072,base_model.model.roberta.encoder.layer.16.output.dense.weight,effective,15.55491575901945
4.0,1072,base_model.model.roberta.encoder.layer.17.attention.self.query.weight,base,70.1967671110762
4.0,1072,base_model.model.roberta.encoder.layer.17.attention.self.query.weight,delta,1.177406556936679
4.0,1072,base_model.model.roberta.encoder.layer.17.attention.self.query.weight,effective,66.7539348030214
4.0,1072,base_model.model.roberta.encoder.layer.17.attention.self.key.weight,base,76.19706060450874
4.0,1072,base_model.model.roberta.encoder.layer.17.attention.self.key.weight,delta,2.5674598987273316
4.0,1072,base_model.model.roberta.encoder.layer.17.attention.self.key.weight,effective,76.4833970538177
4.0,1072,base_model.model.roberta.encoder.layer.17.attention.self.value.weight,base,118.53882569591501
4.0,1072,base_model.model.roberta.encoder.layer.17.attention.self.value.weight,delta,1.0057880930229477
4.0,1072,base_model.model.roberta.encoder.layer.17.attention.self.value.weight,effective,9.552791646506204
4.0,1072,base_model.model.roberta.encoder.layer.17.attention.output.dense.weight,base,19.10130545413139
4.0,1072,base_model.model.roberta.encoder.layer.17.attention.output.dense.weight,delta,1.046785350016029
4.0,1072,base_model.model.roberta.encoder.layer.17.attention.output.dense.weight,effective,14.718869919373075
4.0,1072,base_model.model.roberta.encoder.layer.17.intermediate.dense.weight,base,33.29412874555674
4.0,1072,base_model.model.roberta.encoder.layer.17.intermediate.dense.weight,delta,1.1047582931729716
4.0,1072,base_model.model.roberta.encoder.layer.17.intermediate.dense.weight,effective,33.740901242030134
4.0,1072,base_model.model.roberta.encoder.layer.17.output.dense.weight,base,22.110656474802994
4.0,1072,base_model.model.roberta.encoder.layer.17.output.dense.weight,delta,1.17156173634716
4.0,1072,base_model.model.roberta.encoder.layer.17.output.dense.weight,effective,21.789900133517232
4.0,1072,base_model.model.roberta.encoder.layer.18.attention.self.query.weight,base,73.4326767419924
4.0,1072,base_model.model.roberta.encoder.layer.18.attention.self.query.weight,delta,1.0326125475809866
4.0,1072,base_model.model.roberta.encoder.layer.18.attention.self.query.weight,effective,29.843116285181623
4.0,1072,base_model.model.roberta.encoder.layer.18.attention.self.key.weight,base,80.37733857175729
4.0,1072,base_model.model.roberta.encoder.layer.18.attention.self.key.weight,delta,1.97677142004209
4.0,1072,base_model.model.roberta.encoder.layer.18.attention.self.key.weight,effective,80.52507578779893
4.0,1072,base_model.model.roberta.encoder.layer.18.attention.self.value.weight,base,113.07689369586087
4.0,1072,base_model.model.roberta.encoder.layer.18.attention.self.value.weight,delta,1.0400740665627086
4.0,1072,base_model.model.roberta.encoder.layer.18.attention.self.value.weight,effective,18.804494873033043
4.0,1072,base_model.model.roberta.encoder.layer.18.attention.output.dense.weight,base,18.028766680307434
4.0,1072,base_model.model.roberta.encoder.layer.18.attention.output.dense.weight,delta,1.1057692831188484
4.0,1072,base_model.model.roberta.encoder.layer.18.attention.output.dense.weight,effective,13.857345699776753
4.0,1072,base_model.model.roberta.encoder.layer.18.intermediate.dense.weight,base,32.6844872681259
4.0,1072,base_model.model.roberta.encoder.layer.18.intermediate.dense.weight,delta,1.0459003414145962
4.0,1072,base_model.model.roberta.encoder.layer.18.intermediate.dense.weight,effective,10.329510586622222
4.0,1072,base_model.model.roberta.encoder.layer.18.output.dense.weight,base,21.433488387626884
4.0,1072,base_model.model.roberta.encoder.layer.18.output.dense.weight,delta,1.0721587429266763
4.0,1072,base_model.model.roberta.encoder.layer.18.output.dense.weight,effective,6.0278967720718954
4.0,1072,base_model.model.roberta.encoder.layer.19.attention.self.query.weight,base,92.59084682443176
4.0,1072,base_model.model.roberta.encoder.layer.19.attention.self.query.weight,delta,1.1230905050600735
4.0,1072,base_model.model.roberta.encoder.layer.19.attention.self.query.weight,effective,10.201977501987182
4.0,1072,base_model.model.roberta.encoder.layer.19.attention.self.key.weight,base,70.02834221049284
4.0,1072,base_model.model.roberta.encoder.layer.19.attention.self.key.weight,delta,1.1801119019480433
4.0,1072,base_model.model.roberta.encoder.layer.19.attention.self.key.weight,effective,17.034339686835313
4.0,1072,base_model.model.roberta.encoder.layer.19.attention.self.value.weight,base,156.64708687234096
4.0,1072,base_model.model.roberta.encoder.layer.19.attention.self.value.weight,delta,1.0565707267177755
4.0,1072,base_model.model.roberta.encoder.layer.19.attention.self.value.weight,effective,7.4117566674415825
4.0,1072,base_model.model.roberta.encoder.layer.19.attention.output.dense.weight,base,17.494144024820685
4.0,1072,base_model.model.roberta.encoder.layer.19.attention.output.dense.weight,delta,1.0366718046384942
4.0,1072,base_model.model.roberta.encoder.layer.19.attention.output.dense.weight,effective,2.087441280976954
4.0,1072,base_model.model.roberta.encoder.layer.19.intermediate.dense.weight,base,28.92210384099705
4.0,1072,base_model.model.roberta.encoder.layer.19.intermediate.dense.weight,delta,1.0194900449988793
4.0,1072,base_model.model.roberta.encoder.layer.19.intermediate.dense.weight,effective,2.0214827209569086
4.0,1072,base_model.model.roberta.encoder.layer.19.output.dense.weight,base,19.716475538939285
4.0,1072,base_model.model.roberta.encoder.layer.19.output.dense.weight,delta,1.0636601959028182
4.0,1072,base_model.model.roberta.encoder.layer.19.output.dense.weight,effective,1.6492774382229725
4.0,1072,base_model.model.roberta.encoder.layer.20.attention.self.query.weight,base,77.2070215501793
4.0,1072,base_model.model.roberta.encoder.layer.20.attention.self.query.weight,delta,1.0408091663986054
4.0,1072,base_model.model.roberta.encoder.layer.20.attention.self.query.weight,effective,7.226384147633402
4.0,1072,base_model.model.roberta.encoder.layer.20.attention.self.key.weight,base,54.8302367686625
4.0,1072,base_model.model.roberta.encoder.layer.20.attention.self.key.weight,delta,1.0164926923052287
4.0,1072,base_model.model.roberta.encoder.layer.20.attention.self.key.weight,effective,3.107710467992083
4.0,1072,base_model.model.roberta.encoder.layer.20.attention.self.value.weight,base,108.43384596250647
4.0,1072,base_model.model.roberta.encoder.layer.20.attention.self.value.weight,delta,1.0219587972653605
4.0,1072,base_model.model.roberta.encoder.layer.20.attention.self.value.weight,effective,1.30916770854081
4.0,1072,base_model.model.roberta.encoder.layer.20.attention.output.dense.weight,base,15.783675262019102
4.0,1072,base_model.model.roberta.encoder.layer.20.attention.output.dense.weight,delta,1.013866278102546
4.0,1072,base_model.model.roberta.encoder.layer.20.attention.output.dense.weight,effective,1.1096173274905223
4.0,1072,base_model.model.roberta.encoder.layer.20.intermediate.dense.weight,base,24.95680646951418
4.0,1072,base_model.model.roberta.encoder.layer.20.intermediate.dense.weight,delta,1.2440853490500052
4.0,1072,base_model.model.roberta.encoder.layer.20.intermediate.dense.weight,effective,3.9643574432480384
4.0,1072,base_model.model.roberta.encoder.layer.20.output.dense.weight,base,18.867906855073496
4.0,1072,base_model.model.roberta.encoder.layer.20.output.dense.weight,delta,1.0335482108669996
4.0,1072,base_model.model.roberta.encoder.layer.20.output.dense.weight,effective,1.3146831355516535
4.0,1072,base_model.model.roberta.encoder.layer.21.attention.self.query.weight,base,49.271407326276666
4.0,1072,base_model.model.roberta.encoder.layer.21.attention.self.query.weight,delta,1.1293217387036212
4.0,1072,base_model.model.roberta.encoder.layer.21.attention.self.query.weight,effective,4.266403178814539
4.0,1072,base_model.model.roberta.encoder.layer.21.attention.self.key.weight,base,57.11420031170095
4.0,1072,base_model.model.roberta.encoder.layer.21.attention.self.key.weight,delta,1.0502089125044654
4.0,1072,base_model.model.roberta.encoder.layer.21.attention.self.key.weight,effective,2.932598061459858
4.0,1072,base_model.model.roberta.encoder.layer.21.attention.self.value.weight,base,88.20789990778927
4.0,1072,base_model.model.roberta.encoder.layer.21.attention.self.value.weight,delta,1.0331655931710848
4.0,1072,base_model.model.roberta.encoder.layer.21.attention.self.value.weight,effective,1.5008118137148891
4.0,1072,base_model.model.roberta.encoder.layer.21.attention.output.dense.weight,base,17.47041927386182
4.0,1072,base_model.model.roberta.encoder.layer.21.attention.output.dense.weight,delta,1.1933468468466515
4.0,1072,base_model.model.roberta.encoder.layer.21.attention.output.dense.weight,effective,1.652624963085807
4.0,1072,base_model.model.roberta.encoder.layer.21.intermediate.dense.weight,base,23.56764144333285
4.0,1072,base_model.model.roberta.encoder.layer.21.intermediate.dense.weight,delta,1.1716031496405253
4.0,1072,base_model.model.roberta.encoder.layer.21.intermediate.dense.weight,effective,2.0872744833587404
4.0,1072,base_model.model.roberta.encoder.layer.21.output.dense.weight,base,18.248913160750156
4.0,1072,base_model.model.roberta.encoder.layer.21.output.dense.weight,delta,1.1498297773711614
4.0,1072,base_model.model.roberta.encoder.layer.21.output.dense.weight,effective,1.6003643609531402
4.0,1072,base_model.model.roberta.encoder.layer.22.attention.self.query.weight,base,36.14561126745775
4.0,1072,base_model.model.roberta.encoder.layer.22.attention.self.query.weight,delta,1.204861391674742
4.0,1072,base_model.model.roberta.encoder.layer.22.attention.self.query.weight,effective,2.6970192107711966
4.0,1072,base_model.model.roberta.encoder.layer.22.attention.self.key.weight,base,40.92040908934638
4.0,1072,base_model.model.roberta.encoder.layer.22.attention.self.key.weight,delta,1.1654783347688344
4.0,1072,base_model.model.roberta.encoder.layer.22.attention.self.key.weight,effective,4.416842098521133
4.0,1072,base_model.model.roberta.encoder.layer.22.attention.self.value.weight,base,82.81308503859607
4.0,1072,base_model.model.roberta.encoder.layer.22.attention.self.value.weight,delta,1.0555012469301785
4.0,1072,base_model.model.roberta.encoder.layer.22.attention.self.value.weight,effective,1.5460455566551183
4.0,1072,base_model.model.roberta.encoder.layer.22.attention.output.dense.weight,base,13.58594952450877
4.0,1072,base_model.model.roberta.encoder.layer.22.attention.output.dense.weight,delta,1.2752254181510008
4.0,1072,base_model.model.roberta.encoder.layer.22.attention.output.dense.weight,effective,1.8267785057917854
4.0,1072,base_model.model.roberta.encoder.layer.22.intermediate.dense.weight,base,24.910133626088907
4.0,1072,base_model.model.roberta.encoder.layer.22.intermediate.dense.weight,delta,1.5720102380218062
4.0,1072,base_model.model.roberta.encoder.layer.22.intermediate.dense.weight,effective,2.7148398433375602
4.0,1072,base_model.model.roberta.encoder.layer.22.output.dense.weight,base,25.045894912432924
4.0,1072,base_model.model.roberta.encoder.layer.22.output.dense.weight,delta,1.0911122536099
4.0,1072,base_model.model.roberta.encoder.layer.22.output.dense.weight,effective,1.6704131841082812
4.0,1072,base_model.model.roberta.encoder.layer.23.attention.self.query.weight,base,37.62998506488351
4.0,1072,base_model.model.roberta.encoder.layer.23.attention.self.query.weight,delta,1.1112025385365907
4.0,1072,base_model.model.roberta.encoder.layer.23.attention.self.query.weight,effective,1.5735562765968925
4.0,1072,base_model.model.roberta.encoder.layer.23.attention.self.key.weight,base,44.522602587031
4.0,1072,base_model.model.roberta.encoder.layer.23.attention.self.key.weight,delta,1.3261649769164978
4.0,1072,base_model.model.roberta.encoder.layer.23.attention.self.key.weight,effective,2.47738917619757
4.0,1072,base_model.model.roberta.encoder.layer.23.attention.self.value.weight,base,140.48234274667016
4.0,1072,base_model.model.roberta.encoder.layer.23.attention.self.value.weight,delta,1.0015074484006583
4.0,1072,base_model.model.roberta.encoder.layer.23.attention.self.value.weight,effective,1.3348800479951435
4.0,1072,base_model.model.roberta.encoder.layer.23.attention.output.dense.weight,base,26.479698821973777
4.0,1072,base_model.model.roberta.encoder.layer.23.attention.output.dense.weight,delta,1.063792193846559
4.0,1072,base_model.model.roberta.encoder.layer.23.attention.output.dense.weight,effective,1.3585701149167886
4.0,1072,base_model.model.roberta.encoder.layer.23.intermediate.dense.weight,base,27.593546720529336
4.0,1072,base_model.model.roberta.encoder.layer.23.intermediate.dense.weight,delta,1.0226963410587477
4.0,1072,base_model.model.roberta.encoder.layer.23.intermediate.dense.weight,effective,1.1236919519845538
4.0,1072,base_model.model.roberta.encoder.layer.23.output.dense.weight,base,16.276755463995432
4.0,1072,base_model.model.roberta.encoder.layer.23.output.dense.weight,delta,1.0951305868377301
4.0,1072,base_model.model.roberta.encoder.layer.23.output.dense.weight,effective,2.649180846472259
4.0,1072,base_model.model.classifier.original_module.dense.weight,base,258.8424339753757
4.0,1072,base_model.model.classifier.original_module.out_proj.weight,base,1.961009110086757
4.0,1072,base_model.model.classifier.modules_to_save.default.dense.weight,base,6.7109358740374745
4.0,1072,base_model.model.classifier.modules_to_save.default.out_proj.weight,base,1.4743621168552876
5.0,1340,base_model.model.roberta.embeddings.word_embeddings.weight,base,2.8762521464546524
5.0,1340,base_model.model.roberta.embeddings.position_embeddings.weight,base,1.794806501817938
5.0,1340,base_model.model.roberta.embeddings.token_type_embeddings.weight,base,0.0
5.0,1340,base_model.model.roberta.encoder.layer.0.attention.self.query.weight,base,65.16850243294316
5.0,1340,base_model.model.roberta.encoder.layer.0.attention.self.query.weight,delta,2.164709819483934
5.0,1340,base_model.model.roberta.encoder.layer.0.attention.self.query.weight,effective,65.4229411430578
5.0,1340,base_model.model.roberta.encoder.layer.0.attention.self.key.weight,base,130.91481538106177
5.0,1340,base_model.model.roberta.encoder.layer.0.attention.self.key.weight,delta,2.7865563595431535
5.0,1340,base_model.model.roberta.encoder.layer.0.attention.self.key.weight,effective,131.09622726230546
5.0,1340,base_model.model.roberta.encoder.layer.0.attention.self.value.weight,base,88.31941014198881
5.0,1340,base_model.model.roberta.encoder.layer.0.attention.self.value.weight,delta,1.4091414178517956
5.0,1340,base_model.model.roberta.encoder.layer.0.attention.self.value.weight,effective,87.05145466670668
5.0,1340,base_model.model.roberta.encoder.layer.0.attention.output.dense.weight,base,5.915947919238045
5.0,1340,base_model.model.roberta.encoder.layer.0.attention.output.dense.weight,delta,1.8702468194004072
5.0,1340,base_model.model.roberta.encoder.layer.0.attention.output.dense.weight,effective,5.96569624605545
5.0,1340,base_model.model.roberta.encoder.layer.0.intermediate.dense.weight,base,7.211772906074545
5.0,1340,base_model.model.roberta.encoder.layer.0.intermediate.dense.weight,delta,1.1264455441858179
5.0,1340,base_model.model.roberta.encoder.layer.0.intermediate.dense.weight,effective,7.313247383198118
5.0,1340,base_model.model.roberta.encoder.layer.0.output.dense.weight,base,45.444507184256565
5.0,1340,base_model.model.roberta.encoder.layer.0.output.dense.weight,delta,2.321503358007304
5.0,1340,base_model.model.roberta.encoder.layer.0.output.dense.weight,effective,45.73753603626745
5.0,1340,base_model.model.roberta.encoder.layer.1.attention.self.query.weight,base,49.83982559284896
5.0,1340,base_model.model.roberta.encoder.layer.1.attention.self.query.weight,delta,1.1932764164224747
5.0,1340,base_model.model.roberta.encoder.layer.1.attention.self.query.weight,effective,49.72076332727719
5.0,1340,base_model.model.roberta.encoder.layer.1.attention.self.key.weight,base,36.683594715722144
5.0,1340,base_model.model.roberta.encoder.layer.1.attention.self.key.weight,delta,1.8544624937965248
5.0,1340,base_model.model.roberta.encoder.layer.1.attention.self.key.weight,effective,36.253381418947804
5.0,1340,base_model.model.roberta.encoder.layer.1.attention.self.value.weight,base,100.83349896198295
5.0,1340,base_model.model.roberta.encoder.layer.1.attention.self.value.weight,delta,1.0674140219356638
5.0,1340,base_model.model.roberta.encoder.layer.1.attention.self.value.weight,effective,24.600559261918832
5.0,1340,base_model.model.roberta.encoder.layer.1.attention.output.dense.weight,base,14.804032969892802
5.0,1340,base_model.model.roberta.encoder.layer.1.attention.output.dense.weight,delta,1.3323904863519571
5.0,1340,base_model.model.roberta.encoder.layer.1.attention.output.dense.weight,effective,14.994330184534398
5.0,1340,base_model.model.roberta.encoder.layer.1.intermediate.dense.weight,base,10.80473028402092
5.0,1340,base_model.model.roberta.encoder.layer.1.intermediate.dense.weight,delta,1.0874773554850448
5.0,1340,base_model.model.roberta.encoder.layer.1.intermediate.dense.weight,effective,11.631280586081212
5.0,1340,base_model.model.roberta.encoder.layer.1.output.dense.weight,base,29.953815799001653
5.0,1340,base_model.model.roberta.encoder.layer.1.output.dense.weight,delta,1.1115362494375751
5.0,1340,base_model.model.roberta.encoder.layer.1.output.dense.weight,effective,30.13990355551619
5.0,1340,base_model.model.roberta.encoder.layer.2.attention.self.query.weight,base,49.94102365282341
5.0,1340,base_model.model.roberta.encoder.layer.2.attention.self.query.weight,delta,1.100178059555609
5.0,1340,base_model.model.roberta.encoder.layer.2.attention.self.query.weight,effective,50.40228121469827
5.0,1340,base_model.model.roberta.encoder.layer.2.attention.self.key.weight,base,56.246165221169115
5.0,1340,base_model.model.roberta.encoder.layer.2.attention.self.key.weight,delta,1.6044817405031782
5.0,1340,base_model.model.roberta.encoder.layer.2.attention.self.key.weight,effective,56.45081881585746
5.0,1340,base_model.model.roberta.encoder.layer.2.attention.self.value.weight,base,53.35955946695758
5.0,1340,base_model.model.roberta.encoder.layer.2.attention.self.value.weight,delta,1.061059317150718
5.0,1340,base_model.model.roberta.encoder.layer.2.attention.self.value.weight,effective,16.358660561581527
5.0,1340,base_model.model.roberta.encoder.layer.2.attention.output.dense.weight,base,14.211729843144505
5.0,1340,base_model.model.roberta.encoder.layer.2.attention.output.dense.weight,delta,1.6556997608959085
5.0,1340,base_model.model.roberta.encoder.layer.2.attention.output.dense.weight,effective,14.543202057519293
5.0,1340,base_model.model.roberta.encoder.layer.2.intermediate.dense.weight,base,14.171262905121031
5.0,1340,base_model.model.roberta.encoder.layer.2.intermediate.dense.weight,delta,1.0461869159229056
5.0,1340,base_model.model.roberta.encoder.layer.2.intermediate.dense.weight,effective,12.823757540998416
5.0,1340,base_model.model.roberta.encoder.layer.2.output.dense.weight,base,27.617960006342027
5.0,1340,base_model.model.roberta.encoder.layer.2.output.dense.weight,delta,1.0729030337955707
5.0,1340,base_model.model.roberta.encoder.layer.2.output.dense.weight,effective,27.212897326690463
5.0,1340,base_model.model.roberta.encoder.layer.3.attention.self.query.weight,base,40.38710324398324
5.0,1340,base_model.model.roberta.encoder.layer.3.attention.self.query.weight,delta,1.2247530775491504
5.0,1340,base_model.model.roberta.encoder.layer.3.attention.self.query.weight,effective,40.78305198935917
5.0,1340,base_model.model.roberta.encoder.layer.3.attention.self.key.weight,base,52.78959322892153
5.0,1340,base_model.model.roberta.encoder.layer.3.attention.self.key.weight,delta,1.5323846409887725
5.0,1340,base_model.model.roberta.encoder.layer.3.attention.self.key.weight,effective,53.13039292068674
5.0,1340,base_model.model.roberta.encoder.layer.3.attention.self.value.weight,base,85.08426624756609
5.0,1340,base_model.model.roberta.encoder.layer.3.attention.self.value.weight,delta,1.0134133379349575
5.0,1340,base_model.model.roberta.encoder.layer.3.attention.self.value.weight,effective,13.710466850457891
5.0,1340,base_model.model.roberta.encoder.layer.3.attention.output.dense.weight,base,21.91678510152632
5.0,1340,base_model.model.roberta.encoder.layer.3.attention.output.dense.weight,delta,1.331242236654066
5.0,1340,base_model.model.roberta.encoder.layer.3.attention.output.dense.weight,effective,21.255971325797603
5.0,1340,base_model.model.roberta.encoder.layer.3.intermediate.dense.weight,base,20.110905845538312
5.0,1340,base_model.model.roberta.encoder.layer.3.intermediate.dense.weight,delta,1.0621559053258427
5.0,1340,base_model.model.roberta.encoder.layer.3.intermediate.dense.weight,effective,20.269324108379095
5.0,1340,base_model.model.roberta.encoder.layer.3.output.dense.weight,base,25.971211357979648
5.0,1340,base_model.model.roberta.encoder.layer.3.output.dense.weight,delta,1.119139399702084
5.0,1340,base_model.model.roberta.encoder.layer.3.output.dense.weight,effective,25.87745083206148
5.0,1340,base_model.model.roberta.encoder.layer.4.attention.self.query.weight,base,16.316341559015992
5.0,1340,base_model.model.roberta.encoder.layer.4.attention.self.query.weight,delta,1.0344455122563299
5.0,1340,base_model.model.roberta.encoder.layer.4.attention.self.query.weight,effective,16.82379639512718
5.0,1340,base_model.model.roberta.encoder.layer.4.attention.self.key.weight,base,61.19224054984023
5.0,1340,base_model.model.roberta.encoder.layer.4.attention.self.key.weight,delta,1.7214872752923616
5.0,1340,base_model.model.roberta.encoder.layer.4.attention.self.key.weight,effective,60.870506987542484
5.0,1340,base_model.model.roberta.encoder.layer.4.attention.self.value.weight,base,105.4275948284823
5.0,1340,base_model.model.roberta.encoder.layer.4.attention.self.value.weight,delta,1.0076947496396365
5.0,1340,base_model.model.roberta.encoder.layer.4.attention.self.value.weight,effective,8.943934805315802
5.0,1340,base_model.model.roberta.encoder.layer.4.attention.output.dense.weight,base,20.803518310365877
5.0,1340,base_model.model.roberta.encoder.layer.4.attention.output.dense.weight,delta,1.1885716253860132
5.0,1340,base_model.model.roberta.encoder.layer.4.attention.output.dense.weight,effective,21.088537866885257
5.0,1340,base_model.model.roberta.encoder.layer.4.intermediate.dense.weight,base,20.02480060993551
5.0,1340,base_model.model.roberta.encoder.layer.4.intermediate.dense.weight,delta,1.0567516580890925
5.0,1340,base_model.model.roberta.encoder.layer.4.intermediate.dense.weight,effective,20.300741158803977
5.0,1340,base_model.model.roberta.encoder.layer.4.output.dense.weight,base,29.728196317360545
5.0,1340,base_model.model.roberta.encoder.layer.4.output.dense.weight,delta,1.1575024530267959
5.0,1340,base_model.model.roberta.encoder.layer.4.output.dense.weight,effective,29.96317719673729
5.0,1340,base_model.model.roberta.encoder.layer.5.attention.self.query.weight,base,11.762495176171988
5.0,1340,base_model.model.roberta.encoder.layer.5.attention.self.query.weight,delta,1.0818522438739717
5.0,1340,base_model.model.roberta.encoder.layer.5.attention.self.query.weight,effective,11.995113906188655
5.0,1340,base_model.model.roberta.encoder.layer.5.attention.self.key.weight,base,61.699005373669515
5.0,1340,base_model.model.roberta.encoder.layer.5.attention.self.key.weight,delta,3.678278620172667
5.0,1340,base_model.model.roberta.encoder.layer.5.attention.self.key.weight,effective,62.16432864913288
5.0,1340,base_model.model.roberta.encoder.layer.5.attention.self.value.weight,base,99.56625816874656
5.0,1340,base_model.model.roberta.encoder.layer.5.attention.self.value.weight,delta,1.0165292729541562
5.0,1340,base_model.model.roberta.encoder.layer.5.attention.self.value.weight,effective,17.339278097928002
5.0,1340,base_model.model.roberta.encoder.layer.5.attention.output.dense.weight,base,26.298959057905314
5.0,1340,base_model.model.roberta.encoder.layer.5.attention.output.dense.weight,delta,1.4840133270104203
5.0,1340,base_model.model.roberta.encoder.layer.5.attention.output.dense.weight,effective,26.55806635560168
5.0,1340,base_model.model.roberta.encoder.layer.5.intermediate.dense.weight,base,20.785218764453894
5.0,1340,base_model.model.roberta.encoder.layer.5.intermediate.dense.weight,delta,1.0735545361415606
5.0,1340,base_model.model.roberta.encoder.layer.5.intermediate.dense.weight,effective,21.115090044395462
5.0,1340,base_model.model.roberta.encoder.layer.5.output.dense.weight,base,35.247083242875256
5.0,1340,base_model.model.roberta.encoder.layer.5.output.dense.weight,delta,1.1154402483838035
5.0,1340,base_model.model.roberta.encoder.layer.5.output.dense.weight,effective,35.73549825375998
5.0,1340,base_model.model.roberta.encoder.layer.6.attention.self.query.weight,base,14.075301678596741
5.0,1340,base_model.model.roberta.encoder.layer.6.attention.self.query.weight,delta,1.1776366804363658
5.0,1340,base_model.model.roberta.encoder.layer.6.attention.self.query.weight,effective,14.211747134372635
5.0,1340,base_model.model.roberta.encoder.layer.6.attention.self.key.weight,base,66.43951114473974
5.0,1340,base_model.model.roberta.encoder.layer.6.attention.self.key.weight,delta,2.357172861173188
5.0,1340,base_model.model.roberta.encoder.layer.6.attention.self.key.weight,effective,66.81717175127761
5.0,1340,base_model.model.roberta.encoder.layer.6.attention.self.value.weight,base,90.24191649634543
5.0,1340,base_model.model.roberta.encoder.layer.6.attention.self.value.weight,delta,1.015319326912261
5.0,1340,base_model.model.roberta.encoder.layer.6.attention.self.value.weight,effective,18.111946165181735
5.0,1340,base_model.model.roberta.encoder.layer.6.attention.output.dense.weight,base,29.94873534068194
5.0,1340,base_model.model.roberta.encoder.layer.6.attention.output.dense.weight,delta,1.7400562488434665
5.0,1340,base_model.model.roberta.encoder.layer.6.attention.output.dense.weight,effective,30.308667242128326
5.0,1340,base_model.model.roberta.encoder.layer.6.intermediate.dense.weight,base,22.03994696544542
5.0,1340,base_model.model.roberta.encoder.layer.6.intermediate.dense.weight,delta,1.0358769652320499
5.0,1340,base_model.model.roberta.encoder.layer.6.intermediate.dense.weight,effective,21.600913195258634
5.0,1340,base_model.model.roberta.encoder.layer.6.output.dense.weight,base,32.14799086383212
5.0,1340,base_model.model.roberta.encoder.layer.6.output.dense.weight,delta,1.0159771362836338
5.0,1340,base_model.model.roberta.encoder.layer.6.output.dense.weight,effective,21.8349275725291
5.0,1340,base_model.model.roberta.encoder.layer.7.attention.self.query.weight,base,14.658838567416794
5.0,1340,base_model.model.roberta.encoder.layer.7.attention.self.query.weight,delta,1.0685915444978726
5.0,1340,base_model.model.roberta.encoder.layer.7.attention.self.query.weight,effective,14.861373878407337
5.0,1340,base_model.model.roberta.encoder.layer.7.attention.self.key.weight,base,70.99344042385209
5.0,1340,base_model.model.roberta.encoder.layer.7.attention.self.key.weight,delta,1.8713650962692248
5.0,1340,base_model.model.roberta.encoder.layer.7.attention.self.key.weight,effective,71.03054785823731
5.0,1340,base_model.model.roberta.encoder.layer.7.attention.self.value.weight,base,77.89752183447247
5.0,1340,base_model.model.roberta.encoder.layer.7.attention.self.value.weight,delta,1.0142095591169962
5.0,1340,base_model.model.roberta.encoder.layer.7.attention.self.value.weight,effective,17.600000527396258
5.0,1340,base_model.model.roberta.encoder.layer.7.attention.output.dense.weight,base,26.25258171912584
5.0,1340,base_model.model.roberta.encoder.layer.7.attention.output.dense.weight,delta,1.4358135035623665
5.0,1340,base_model.model.roberta.encoder.layer.7.attention.output.dense.weight,effective,26.688749924962437
5.0,1340,base_model.model.roberta.encoder.layer.7.intermediate.dense.weight,base,21.184176643360725
5.0,1340,base_model.model.roberta.encoder.layer.7.intermediate.dense.weight,delta,1.0582076247866583
5.0,1340,base_model.model.roberta.encoder.layer.7.intermediate.dense.weight,effective,21.524979228877022
5.0,1340,base_model.model.roberta.encoder.layer.7.output.dense.weight,base,30.771296447145282
5.0,1340,base_model.model.roberta.encoder.layer.7.output.dense.weight,delta,1.1052522704980394
5.0,1340,base_model.model.roberta.encoder.layer.7.output.dense.weight,effective,31.091103249885997
5.0,1340,base_model.model.roberta.encoder.layer.8.attention.self.query.weight,base,19.554995123435056
5.0,1340,base_model.model.roberta.encoder.layer.8.attention.self.query.weight,delta,1.0408857984912006
5.0,1340,base_model.model.roberta.encoder.layer.8.attention.self.query.weight,effective,19.495809583421558
5.0,1340,base_model.model.roberta.encoder.layer.8.attention.self.key.weight,base,72.46252770643032
5.0,1340,base_model.model.roberta.encoder.layer.8.attention.self.key.weight,delta,2.659612247821728
5.0,1340,base_model.model.roberta.encoder.layer.8.attention.self.key.weight,effective,72.80668695572872
5.0,1340,base_model.model.roberta.encoder.layer.8.attention.self.value.weight,base,68.24090761427492
5.0,1340,base_model.model.roberta.encoder.layer.8.attention.self.value.weight,delta,1.0141502598782972
5.0,1340,base_model.model.roberta.encoder.layer.8.attention.self.value.weight,effective,16.499043576324038
5.0,1340,base_model.model.roberta.encoder.layer.8.attention.output.dense.weight,base,25.215026114384766
5.0,1340,base_model.model.roberta.encoder.layer.8.attention.output.dense.weight,delta,1.8049047691801008
5.0,1340,base_model.model.roberta.encoder.layer.8.attention.output.dense.weight,effective,25.407931231049957
5.0,1340,base_model.model.roberta.encoder.layer.8.intermediate.dense.weight,base,22.94873607984339
5.0,1340,base_model.model.roberta.encoder.layer.8.intermediate.dense.weight,delta,1.0446771005850217
5.0,1340,base_model.model.roberta.encoder.layer.8.intermediate.dense.weight,effective,23.519772451715376
5.0,1340,base_model.model.roberta.encoder.layer.8.output.dense.weight,base,33.20090685709213
5.0,1340,base_model.model.roberta.encoder.layer.8.output.dense.weight,delta,1.136469131316163
5.0,1340,base_model.model.roberta.encoder.layer.8.output.dense.weight,effective,33.64623876542245
5.0,1340,base_model.model.roberta.encoder.layer.9.attention.self.query.weight,base,14.074112128999012
5.0,1340,base_model.model.roberta.encoder.layer.9.attention.self.query.weight,delta,1.0565919434637385
5.0,1340,base_model.model.roberta.encoder.layer.9.attention.self.query.weight,effective,14.298274502222014
5.0,1340,base_model.model.roberta.encoder.layer.9.attention.self.key.weight,base,82.21456241058715
5.0,1340,base_model.model.roberta.encoder.layer.9.attention.self.key.weight,delta,4.613286183580401
5.0,1340,base_model.model.roberta.encoder.layer.9.attention.self.key.weight,effective,82.62258454948581
5.0,1340,base_model.model.roberta.encoder.layer.9.attention.self.value.weight,base,94.15371923486272
5.0,1340,base_model.model.roberta.encoder.layer.9.attention.self.value.weight,delta,1.0135703519219885
5.0,1340,base_model.model.roberta.encoder.layer.9.attention.self.value.weight,effective,19.5926747368105
5.0,1340,base_model.model.roberta.encoder.layer.9.attention.output.dense.weight,base,27.16329966608273
5.0,1340,base_model.model.roberta.encoder.layer.9.attention.output.dense.weight,delta,1.9555988353348193
5.0,1340,base_model.model.roberta.encoder.layer.9.attention.output.dense.weight,effective,27.410977055046068
5.0,1340,base_model.model.roberta.encoder.layer.9.intermediate.dense.weight,base,22.8722040849843
5.0,1340,base_model.model.roberta.encoder.layer.9.intermediate.dense.weight,delta,1.0268743713379715
5.0,1340,base_model.model.roberta.encoder.layer.9.intermediate.dense.weight,effective,21.381960550615677
5.0,1340,base_model.model.roberta.encoder.layer.9.output.dense.weight,base,31.291706379686776
5.0,1340,base_model.model.roberta.encoder.layer.9.output.dense.weight,delta,1.0428769963263285
5.0,1340,base_model.model.roberta.encoder.layer.9.output.dense.weight,effective,31.610971110969352
5.0,1340,base_model.model.roberta.encoder.layer.10.attention.self.query.weight,base,43.93787210542925
5.0,1340,base_model.model.roberta.encoder.layer.10.attention.self.query.weight,delta,1.0363339592107872
5.0,1340,base_model.model.roberta.encoder.layer.10.attention.self.query.weight,effective,44.1926401331355
5.0,1340,base_model.model.roberta.encoder.layer.10.attention.self.key.weight,base,84.34775663528752
5.0,1340,base_model.model.roberta.encoder.layer.10.attention.self.key.weight,delta,3.6396431804994465
5.0,1340,base_model.model.roberta.encoder.layer.10.attention.self.key.weight,effective,84.55690589142596
5.0,1340,base_model.model.roberta.encoder.layer.10.attention.self.value.weight,base,95.82444154352557
5.0,1340,base_model.model.roberta.encoder.layer.10.attention.self.value.weight,delta,1.0134563178726577
5.0,1340,base_model.model.roberta.encoder.layer.10.attention.self.value.weight,effective,16.215590113265787
5.0,1340,base_model.model.roberta.encoder.layer.10.attention.output.dense.weight,base,25.41130698429029
5.0,1340,base_model.model.roberta.encoder.layer.10.attention.output.dense.weight,delta,1.2328180604134773
5.0,1340,base_model.model.roberta.encoder.layer.10.attention.output.dense.weight,effective,25.92446677026806
5.0,1340,base_model.model.roberta.encoder.layer.10.intermediate.dense.weight,base,23.61416247632014
5.0,1340,base_model.model.roberta.encoder.layer.10.intermediate.dense.weight,delta,1.0296994895588802
5.0,1340,base_model.model.roberta.encoder.layer.10.intermediate.dense.weight,effective,21.99618823245578
5.0,1340,base_model.model.roberta.encoder.layer.10.output.dense.weight,base,28.482765434223122
5.0,1340,base_model.model.roberta.encoder.layer.10.output.dense.weight,delta,1.3869137588345437
5.0,1340,base_model.model.roberta.encoder.layer.10.output.dense.weight,effective,28.653193345381702
5.0,1340,base_model.model.roberta.encoder.layer.11.attention.self.query.weight,base,42.711296516148266
5.0,1340,base_model.model.roberta.encoder.layer.11.attention.self.query.weight,delta,1.0957782604586779
5.0,1340,base_model.model.roberta.encoder.layer.11.attention.self.query.weight,effective,43.01051928613696
5.0,1340,base_model.model.roberta.encoder.layer.11.attention.self.key.weight,base,89.36574388593367
5.0,1340,base_model.model.roberta.encoder.layer.11.attention.self.key.weight,delta,1.924998866133209
5.0,1340,base_model.model.roberta.encoder.layer.11.attention.self.key.weight,effective,90.49747410525408
5.0,1340,base_model.model.roberta.encoder.layer.11.attention.self.value.weight,base,91.12228329898201
5.0,1340,base_model.model.roberta.encoder.layer.11.attention.self.value.weight,delta,1.0173499839559828
5.0,1340,base_model.model.roberta.encoder.layer.11.attention.self.value.weight,effective,24.30315476015987
5.0,1340,base_model.model.roberta.encoder.layer.11.attention.output.dense.weight,base,23.711106828708598
5.0,1340,base_model.model.roberta.encoder.layer.11.attention.output.dense.weight,delta,1.5942392071389806
5.0,1340,base_model.model.roberta.encoder.layer.11.attention.output.dense.weight,effective,23.983473944438213
5.0,1340,base_model.model.roberta.encoder.layer.11.intermediate.dense.weight,base,23.921582739751972
5.0,1340,base_model.model.roberta.encoder.layer.11.intermediate.dense.weight,delta,1.085352548741884
5.0,1340,base_model.model.roberta.encoder.layer.11.intermediate.dense.weight,effective,24.057680206244807
5.0,1340,base_model.model.roberta.encoder.layer.11.output.dense.weight,base,32.25425665985377
5.0,1340,base_model.model.roberta.encoder.layer.11.output.dense.weight,delta,2.343972059968051
5.0,1340,base_model.model.roberta.encoder.layer.11.output.dense.weight,effective,32.39666568254713
5.0,1340,base_model.model.roberta.encoder.layer.12.attention.self.query.weight,base,19.80133963517949
5.0,1340,base_model.model.roberta.encoder.layer.12.attention.self.query.weight,delta,1.056636324896497
5.0,1340,base_model.model.roberta.encoder.layer.12.attention.self.query.weight,effective,20.073162131153037
5.0,1340,base_model.model.roberta.encoder.layer.12.attention.self.key.weight,base,59.51423417589006
5.0,1340,base_model.model.roberta.encoder.layer.12.attention.self.key.weight,delta,3.4349125642287586
5.0,1340,base_model.model.roberta.encoder.layer.12.attention.self.key.weight,effective,59.56232033946901
5.0,1340,base_model.model.roberta.encoder.layer.12.attention.self.value.weight,base,104.55182735098823
5.0,1340,base_model.model.roberta.encoder.layer.12.attention.self.value.weight,delta,1.1104467096282036
5.0,1340,base_model.model.roberta.encoder.layer.12.attention.self.value.weight,effective,38.53061383048326
5.0,1340,base_model.model.roberta.encoder.layer.12.attention.output.dense.weight,base,31.68961963951198
5.0,1340,base_model.model.roberta.encoder.layer.12.attention.output.dense.weight,delta,1.226741299211926
5.0,1340,base_model.model.roberta.encoder.layer.12.attention.output.dense.weight,effective,32.2889221026835
5.0,1340,base_model.model.roberta.encoder.layer.12.intermediate.dense.weight,base,23.306472149343517
5.0,1340,base_model.model.roberta.encoder.layer.12.intermediate.dense.weight,delta,1.098836545937783
5.0,1340,base_model.model.roberta.encoder.layer.12.intermediate.dense.weight,effective,23.664633102056367
5.0,1340,base_model.model.roberta.encoder.layer.12.output.dense.weight,base,33.73366981573814
5.0,1340,base_model.model.roberta.encoder.layer.12.output.dense.weight,delta,1.046718242422011
5.0,1340,base_model.model.roberta.encoder.layer.12.output.dense.weight,effective,34.06050179738854
5.0,1340,base_model.model.roberta.encoder.layer.13.attention.self.query.weight,base,19.42719294240054
5.0,1340,base_model.model.roberta.encoder.layer.13.attention.self.query.weight,delta,1.1325929112068536
5.0,1340,base_model.model.roberta.encoder.layer.13.attention.self.query.weight,effective,19.31685971446052
5.0,1340,base_model.model.roberta.encoder.layer.13.attention.self.key.weight,base,89.34542298597442
5.0,1340,base_model.model.roberta.encoder.layer.13.attention.self.key.weight,delta,2.858278654711672
5.0,1340,base_model.model.roberta.encoder.layer.13.attention.self.key.weight,effective,90.04594215354051
5.0,1340,base_model.model.roberta.encoder.layer.13.attention.self.value.weight,base,103.98533663905238
5.0,1340,base_model.model.roberta.encoder.layer.13.attention.self.value.weight,delta,1.0410362993032627
5.0,1340,base_model.model.roberta.encoder.layer.13.attention.self.value.weight,effective,32.047720482873494
5.0,1340,base_model.model.roberta.encoder.layer.13.attention.output.dense.weight,base,31.930869183442315
5.0,1340,base_model.model.roberta.encoder.layer.13.attention.output.dense.weight,delta,1.4841903708133337
5.0,1340,base_model.model.roberta.encoder.layer.13.attention.output.dense.weight,effective,32.25481244487997
5.0,1340,base_model.model.roberta.encoder.layer.13.intermediate.dense.weight,base,21.4924861033959
5.0,1340,base_model.model.roberta.encoder.layer.13.intermediate.dense.weight,delta,1.0803507543633128
5.0,1340,base_model.model.roberta.encoder.layer.13.intermediate.dense.weight,effective,21.690892797033186
5.0,1340,base_model.model.roberta.encoder.layer.13.output.dense.weight,base,38.45666001020537
5.0,1340,base_model.model.roberta.encoder.layer.13.output.dense.weight,delta,1.139538047957493
5.0,1340,base_model.model.roberta.encoder.layer.13.output.dense.weight,effective,38.62960582573203
5.0,1340,base_model.model.roberta.encoder.layer.14.attention.self.query.weight,base,14.950092836443968
5.0,1340,base_model.model.roberta.encoder.layer.14.attention.self.query.weight,delta,1.0466035542006513
5.0,1340,base_model.model.roberta.encoder.layer.14.attention.self.query.weight,effective,15.091353373300324
5.0,1340,base_model.model.roberta.encoder.layer.14.attention.self.key.weight,base,69.63970689456136
5.0,1340,base_model.model.roberta.encoder.layer.14.attention.self.key.weight,delta,1.789678356958252
5.0,1340,base_model.model.roberta.encoder.layer.14.attention.self.key.weight,effective,70.30797018680512
5.0,1340,base_model.model.roberta.encoder.layer.14.attention.self.value.weight,base,105.91215913275136
5.0,1340,base_model.model.roberta.encoder.layer.14.attention.self.value.weight,delta,1.0362105075510857
5.0,1340,base_model.model.roberta.encoder.layer.14.attention.self.value.weight,effective,36.81335160548733
5.0,1340,base_model.model.roberta.encoder.layer.14.attention.output.dense.weight,base,34.19242653847588
5.0,1340,base_model.model.roberta.encoder.layer.14.attention.output.dense.weight,delta,2.634691792928435
5.0,1340,base_model.model.roberta.encoder.layer.14.attention.output.dense.weight,effective,34.5117801459709
5.0,1340,base_model.model.roberta.encoder.layer.14.intermediate.dense.weight,base,20.798387110600416
5.0,1340,base_model.model.roberta.encoder.layer.14.intermediate.dense.weight,delta,1.1473016971234142
5.0,1340,base_model.model.roberta.encoder.layer.14.intermediate.dense.weight,effective,20.976064470508103
5.0,1340,base_model.model.roberta.encoder.layer.14.output.dense.weight,base,20.652845573172012
5.0,1340,base_model.model.roberta.encoder.layer.14.output.dense.weight,delta,1.2001703934213637
5.0,1340,base_model.model.roberta.encoder.layer.14.output.dense.weight,effective,20.777588886016137
5.0,1340,base_model.model.roberta.encoder.layer.15.attention.self.query.weight,base,31.91981094559281
5.0,1340,base_model.model.roberta.encoder.layer.15.attention.self.query.weight,delta,1.0427566553577112
5.0,1340,base_model.model.roberta.encoder.layer.15.attention.self.query.weight,effective,31.275681893128482
5.0,1340,base_model.model.roberta.encoder.layer.15.attention.self.key.weight,base,79.51391215956669
5.0,1340,base_model.model.roberta.encoder.layer.15.attention.self.key.weight,delta,1.1024543601117784
5.0,1340,base_model.model.roberta.encoder.layer.15.attention.self.key.weight,effective,50.62774869689853
5.0,1340,base_model.model.roberta.encoder.layer.15.attention.self.value.weight,base,104.47581356199453
5.0,1340,base_model.model.roberta.encoder.layer.15.attention.self.value.weight,delta,1.0297324878228393
5.0,1340,base_model.model.roberta.encoder.layer.15.attention.self.value.weight,effective,25.120507836005064
5.0,1340,base_model.model.roberta.encoder.layer.15.attention.output.dense.weight,base,15.276684828215696
5.0,1340,base_model.model.roberta.encoder.layer.15.attention.output.dense.weight,delta,1.2239438319472715
5.0,1340,base_model.model.roberta.encoder.layer.15.attention.output.dense.weight,effective,15.7469715180774
5.0,1340,base_model.model.roberta.encoder.layer.15.intermediate.dense.weight,base,25.351985666495665
5.0,1340,base_model.model.roberta.encoder.layer.15.intermediate.dense.weight,delta,1.2523343887700906
5.0,1340,base_model.model.roberta.encoder.layer.15.intermediate.dense.weight,effective,25.705390649774824
5.0,1340,base_model.model.roberta.encoder.layer.15.output.dense.weight,base,18.276873411306507
5.0,1340,base_model.model.roberta.encoder.layer.15.output.dense.weight,delta,1.0215266626489077
5.0,1340,base_model.model.roberta.encoder.layer.15.output.dense.weight,effective,19.651031614716576
5.0,1340,base_model.model.roberta.encoder.layer.16.attention.self.query.weight,base,78.90741647514638
5.0,1340,base_model.model.roberta.encoder.layer.16.attention.self.query.weight,delta,1.0575355686250354
5.0,1340,base_model.model.roberta.encoder.layer.16.attention.self.query.weight,effective,34.49994458791524
5.0,1340,base_model.model.roberta.encoder.layer.16.attention.self.key.weight,base,87.61963184012855
5.0,1340,base_model.model.roberta.encoder.layer.16.attention.self.key.weight,delta,1.255972563464527
5.0,1340,base_model.model.roberta.encoder.layer.16.attention.self.key.weight,effective,86.57950045861517
5.0,1340,base_model.model.roberta.encoder.layer.16.attention.self.value.weight,base,97.07574430485145
5.0,1340,base_model.model.roberta.encoder.layer.16.attention.self.value.weight,delta,1.007313189631648
5.0,1340,base_model.model.roberta.encoder.layer.16.attention.self.value.weight,effective,8.860192190447085
5.0,1340,base_model.model.roberta.encoder.layer.16.attention.output.dense.weight,base,14.660626448700963
5.0,1340,base_model.model.roberta.encoder.layer.16.attention.output.dense.weight,delta,1.1940054007838836
5.0,1340,base_model.model.roberta.encoder.layer.16.attention.output.dense.weight,effective,15.190792737301672
5.0,1340,base_model.model.roberta.encoder.layer.16.intermediate.dense.weight,base,31.375570204423624
5.0,1340,base_model.model.roberta.encoder.layer.16.intermediate.dense.weight,delta,1.1023084266670327
5.0,1340,base_model.model.roberta.encoder.layer.16.intermediate.dense.weight,effective,31.164109901799865
5.0,1340,base_model.model.roberta.encoder.layer.16.output.dense.weight,base,17.030436723646925
5.0,1340,base_model.model.roberta.encoder.layer.16.output.dense.weight,delta,1.2285199444094104
5.0,1340,base_model.model.roberta.encoder.layer.16.output.dense.weight,effective,15.55491575901945
5.0,1340,base_model.model.roberta.encoder.layer.17.attention.self.query.weight,base,70.1967671110762
5.0,1340,base_model.model.roberta.encoder.layer.17.attention.self.query.weight,delta,1.177406556936679
5.0,1340,base_model.model.roberta.encoder.layer.17.attention.self.query.weight,effective,66.7539348030214
5.0,1340,base_model.model.roberta.encoder.layer.17.attention.self.key.weight,base,76.19706060450874
5.0,1340,base_model.model.roberta.encoder.layer.17.attention.self.key.weight,delta,2.5674598987273316
5.0,1340,base_model.model.roberta.encoder.layer.17.attention.self.key.weight,effective,76.4833970538177
5.0,1340,base_model.model.roberta.encoder.layer.17.attention.self.value.weight,base,118.53882569591501
5.0,1340,base_model.model.roberta.encoder.layer.17.attention.self.value.weight,delta,1.0057880930229477
5.0,1340,base_model.model.roberta.encoder.layer.17.attention.self.value.weight,effective,9.552791646506204
5.0,1340,base_model.model.roberta.encoder.layer.17.attention.output.dense.weight,base,19.10130545413139
5.0,1340,base_model.model.roberta.encoder.layer.17.attention.output.dense.weight,delta,1.046785350016029
5.0,1340,base_model.model.roberta.encoder.layer.17.attention.output.dense.weight,effective,14.718869919373075
5.0,1340,base_model.model.roberta.encoder.layer.17.intermediate.dense.weight,base,33.29412874555674
5.0,1340,base_model.model.roberta.encoder.layer.17.intermediate.dense.weight,delta,1.1047582931729716
5.0,1340,base_model.model.roberta.encoder.layer.17.intermediate.dense.weight,effective,33.740901242030134
5.0,1340,base_model.model.roberta.encoder.layer.17.output.dense.weight,base,22.110656474802994
5.0,1340,base_model.model.roberta.encoder.layer.17.output.dense.weight,delta,1.17156173634716
5.0,1340,base_model.model.roberta.encoder.layer.17.output.dense.weight,effective,21.789900133517232
5.0,1340,base_model.model.roberta.encoder.layer.18.attention.self.query.weight,base,73.4326767419924
5.0,1340,base_model.model.roberta.encoder.layer.18.attention.self.query.weight,delta,1.0326125475809866
5.0,1340,base_model.model.roberta.encoder.layer.18.attention.self.query.weight,effective,29.843116285181623
5.0,1340,base_model.model.roberta.encoder.layer.18.attention.self.key.weight,base,80.37733857175729
5.0,1340,base_model.model.roberta.encoder.layer.18.attention.self.key.weight,delta,1.97677142004209
5.0,1340,base_model.model.roberta.encoder.layer.18.attention.self.key.weight,effective,80.52507578779893
5.0,1340,base_model.model.roberta.encoder.layer.18.attention.self.value.weight,base,113.07689369586087
5.0,1340,base_model.model.roberta.encoder.layer.18.attention.self.value.weight,delta,1.0400740665627086
5.0,1340,base_model.model.roberta.encoder.layer.18.attention.self.value.weight,effective,18.804494873033043
5.0,1340,base_model.model.roberta.encoder.layer.18.attention.output.dense.weight,base,18.028766680307434
5.0,1340,base_model.model.roberta.encoder.layer.18.attention.output.dense.weight,delta,1.1057692831188484
5.0,1340,base_model.model.roberta.encoder.layer.18.attention.output.dense.weight,effective,13.857345699776753
5.0,1340,base_model.model.roberta.encoder.layer.18.intermediate.dense.weight,base,32.6844872681259
5.0,1340,base_model.model.roberta.encoder.layer.18.intermediate.dense.weight,delta,1.0459003414145962
5.0,1340,base_model.model.roberta.encoder.layer.18.intermediate.dense.weight,effective,10.329510586622222
5.0,1340,base_model.model.roberta.encoder.layer.18.output.dense.weight,base,21.433488387626884
5.0,1340,base_model.model.roberta.encoder.layer.18.output.dense.weight,delta,1.0721587429266763
5.0,1340,base_model.model.roberta.encoder.layer.18.output.dense.weight,effective,6.0278967720718954
5.0,1340,base_model.model.roberta.encoder.layer.19.attention.self.query.weight,base,92.59084682443176
5.0,1340,base_model.model.roberta.encoder.layer.19.attention.self.query.weight,delta,1.1230905050600735
5.0,1340,base_model.model.roberta.encoder.layer.19.attention.self.query.weight,effective,10.201977501987182
5.0,1340,base_model.model.roberta.encoder.layer.19.attention.self.key.weight,base,70.02834221049284
5.0,1340,base_model.model.roberta.encoder.layer.19.attention.self.key.weight,delta,1.1801119019480433
5.0,1340,base_model.model.roberta.encoder.layer.19.attention.self.key.weight,effective,17.034339686835313
5.0,1340,base_model.model.roberta.encoder.layer.19.attention.self.value.weight,base,156.64708687234096
5.0,1340,base_model.model.roberta.encoder.layer.19.attention.self.value.weight,delta,1.0565707267177755
5.0,1340,base_model.model.roberta.encoder.layer.19.attention.self.value.weight,effective,7.4117566674415825
5.0,1340,base_model.model.roberta.encoder.layer.19.attention.output.dense.weight,base,17.494144024820685
5.0,1340,base_model.model.roberta.encoder.layer.19.attention.output.dense.weight,delta,1.0366718046384942
5.0,1340,base_model.model.roberta.encoder.layer.19.attention.output.dense.weight,effective,2.087441280976954
5.0,1340,base_model.model.roberta.encoder.layer.19.intermediate.dense.weight,base,28.92210384099705
5.0,1340,base_model.model.roberta.encoder.layer.19.intermediate.dense.weight,delta,1.0194900449988793
5.0,1340,base_model.model.roberta.encoder.layer.19.intermediate.dense.weight,effective,2.0214827209569086
5.0,1340,base_model.model.roberta.encoder.layer.19.output.dense.weight,base,19.716475538939285
5.0,1340,base_model.model.roberta.encoder.layer.19.output.dense.weight,delta,1.0636601959028182
5.0,1340,base_model.model.roberta.encoder.layer.19.output.dense.weight,effective,1.6492774382229725
5.0,1340,base_model.model.roberta.encoder.layer.20.attention.self.query.weight,base,77.2070215501793
5.0,1340,base_model.model.roberta.encoder.layer.20.attention.self.query.weight,delta,1.0408091663986054
5.0,1340,base_model.model.roberta.encoder.layer.20.attention.self.query.weight,effective,7.226384147633402
5.0,1340,base_model.model.roberta.encoder.layer.20.attention.self.key.weight,base,54.8302367686625
5.0,1340,base_model.model.roberta.encoder.layer.20.attention.self.key.weight,delta,1.0164926923052287
5.0,1340,base_model.model.roberta.encoder.layer.20.attention.self.key.weight,effective,3.107710467992083
5.0,1340,base_model.model.roberta.encoder.layer.20.attention.self.value.weight,base,108.43384596250647
5.0,1340,base_model.model.roberta.encoder.layer.20.attention.self.value.weight,delta,1.0219587972653605
5.0,1340,base_model.model.roberta.encoder.layer.20.attention.self.value.weight,effective,1.30916770854081
5.0,1340,base_model.model.roberta.encoder.layer.20.attention.output.dense.weight,base,15.783675262019102
5.0,1340,base_model.model.roberta.encoder.layer.20.attention.output.dense.weight,delta,1.013866278102546
5.0,1340,base_model.model.roberta.encoder.layer.20.attention.output.dense.weight,effective,1.1096173274905223
5.0,1340,base_model.model.roberta.encoder.layer.20.intermediate.dense.weight,base,24.95680646951418
5.0,1340,base_model.model.roberta.encoder.layer.20.intermediate.dense.weight,delta,1.2440853490500052
5.0,1340,base_model.model.roberta.encoder.layer.20.intermediate.dense.weight,effective,3.9643574432480384
5.0,1340,base_model.model.roberta.encoder.layer.20.output.dense.weight,base,18.867906855073496
5.0,1340,base_model.model.roberta.encoder.layer.20.output.dense.weight,delta,1.0335482108669996
5.0,1340,base_model.model.roberta.encoder.layer.20.output.dense.weight,effective,1.3146831355516535
5.0,1340,base_model.model.roberta.encoder.layer.21.attention.self.query.weight,base,49.271407326276666
5.0,1340,base_model.model.roberta.encoder.layer.21.attention.self.query.weight,delta,1.1293217387036212
5.0,1340,base_model.model.roberta.encoder.layer.21.attention.self.query.weight,effective,4.266403178814539
5.0,1340,base_model.model.roberta.encoder.layer.21.attention.self.key.weight,base,57.11420031170095
5.0,1340,base_model.model.roberta.encoder.layer.21.attention.self.key.weight,delta,1.0502089125044654
5.0,1340,base_model.model.roberta.encoder.layer.21.attention.self.key.weight,effective,2.932598061459858
5.0,1340,base_model.model.roberta.encoder.layer.21.attention.self.value.weight,base,88.20789990778927
5.0,1340,base_model.model.roberta.encoder.layer.21.attention.self.value.weight,delta,1.0331655931710848
5.0,1340,base_model.model.roberta.encoder.layer.21.attention.self.value.weight,effective,1.5008118137148891
5.0,1340,base_model.model.roberta.encoder.layer.21.attention.output.dense.weight,base,17.47041927386182
5.0,1340,base_model.model.roberta.encoder.layer.21.attention.output.dense.weight,delta,1.1933468468466515
5.0,1340,base_model.model.roberta.encoder.layer.21.attention.output.dense.weight,effective,1.652624963085807
5.0,1340,base_model.model.roberta.encoder.layer.21.intermediate.dense.weight,base,23.56764144333285
5.0,1340,base_model.model.roberta.encoder.layer.21.intermediate.dense.weight,delta,1.1716031496405253
5.0,1340,base_model.model.roberta.encoder.layer.21.intermediate.dense.weight,effective,2.0872744833587404
5.0,1340,base_model.model.roberta.encoder.layer.21.output.dense.weight,base,18.248913160750156
5.0,1340,base_model.model.roberta.encoder.layer.21.output.dense.weight,delta,1.1498297773711614
5.0,1340,base_model.model.roberta.encoder.layer.21.output.dense.weight,effective,1.6003643609531402
5.0,1340,base_model.model.roberta.encoder.layer.22.attention.self.query.weight,base,36.14561126745775
5.0,1340,base_model.model.roberta.encoder.layer.22.attention.self.query.weight,delta,1.204861391674742
5.0,1340,base_model.model.roberta.encoder.layer.22.attention.self.query.weight,effective,2.6970192107711966
5.0,1340,base_model.model.roberta.encoder.layer.22.attention.self.key.weight,base,40.92040908934638
5.0,1340,base_model.model.roberta.encoder.layer.22.attention.self.key.weight,delta,1.1654783347688344
5.0,1340,base_model.model.roberta.encoder.layer.22.attention.self.key.weight,effective,4.416842098521133
5.0,1340,base_model.model.roberta.encoder.layer.22.attention.self.value.weight,base,82.81308503859607
5.0,1340,base_model.model.roberta.encoder.layer.22.attention.self.value.weight,delta,1.0555012469301785
5.0,1340,base_model.model.roberta.encoder.layer.22.attention.self.value.weight,effective,1.5460455566551183
5.0,1340,base_model.model.roberta.encoder.layer.22.attention.output.dense.weight,base,13.58594952450877
5.0,1340,base_model.model.roberta.encoder.layer.22.attention.output.dense.weight,delta,1.2752254181510008
5.0,1340,base_model.model.roberta.encoder.layer.22.attention.output.dense.weight,effective,1.8267785057917854
5.0,1340,base_model.model.roberta.encoder.layer.22.intermediate.dense.weight,base,24.910133626088907
5.0,1340,base_model.model.roberta.encoder.layer.22.intermediate.dense.weight,delta,1.5720102380218062
5.0,1340,base_model.model.roberta.encoder.layer.22.intermediate.dense.weight,effective,2.7148398433375602
5.0,1340,base_model.model.roberta.encoder.layer.22.output.dense.weight,base,25.045894912432924
5.0,1340,base_model.model.roberta.encoder.layer.22.output.dense.weight,delta,1.0911122536099
5.0,1340,base_model.model.roberta.encoder.layer.22.output.dense.weight,effective,1.6704131841082812
5.0,1340,base_model.model.roberta.encoder.layer.23.attention.self.query.weight,base,37.62998506488351
5.0,1340,base_model.model.roberta.encoder.layer.23.attention.self.query.weight,delta,1.1112025385365907
5.0,1340,base_model.model.roberta.encoder.layer.23.attention.self.query.weight,effective,1.5735562765968925
5.0,1340,base_model.model.roberta.encoder.layer.23.attention.self.key.weight,base,44.522602587031
5.0,1340,base_model.model.roberta.encoder.layer.23.attention.self.key.weight,delta,1.3261649769164978
5.0,1340,base_model.model.roberta.encoder.layer.23.attention.self.key.weight,effective,2.47738917619757
5.0,1340,base_model.model.roberta.encoder.layer.23.attention.self.value.weight,base,140.48234274667016
5.0,1340,base_model.model.roberta.encoder.layer.23.attention.self.value.weight,delta,1.0015074484006583
5.0,1340,base_model.model.roberta.encoder.layer.23.attention.self.value.weight,effective,1.3348800479951435
5.0,1340,base_model.model.roberta.encoder.layer.23.attention.output.dense.weight,base,26.479698821973777
5.0,1340,base_model.model.roberta.encoder.layer.23.attention.output.dense.weight,delta,1.063792193846559
5.0,1340,base_model.model.roberta.encoder.layer.23.attention.output.dense.weight,effective,1.3585701149167886
5.0,1340,base_model.model.roberta.encoder.layer.23.intermediate.dense.weight,base,27.593546720529336
5.0,1340,base_model.model.roberta.encoder.layer.23.intermediate.dense.weight,delta,1.0226963410587477
5.0,1340,base_model.model.roberta.encoder.layer.23.intermediate.dense.weight,effective,1.1236919519845538
5.0,1340,base_model.model.roberta.encoder.layer.23.output.dense.weight,base,16.276755463995432
5.0,1340,base_model.model.roberta.encoder.layer.23.output.dense.weight,delta,1.0951305868377301
5.0,1340,base_model.model.roberta.encoder.layer.23.output.dense.weight,effective,2.649180846472259
5.0,1340,base_model.model.classifier.original_module.dense.weight,base,258.8424339753757
5.0,1340,base_model.model.classifier.original_module.out_proj.weight,base,1.961009110086757
5.0,1340,base_model.model.classifier.modules_to_save.default.dense.weight,base,6.7109358740374745
5.0,1340,base_model.model.classifier.modules_to_save.default.out_proj.weight,base,1.4743621168552876
